# #lambda	QE(%)
2.700000000000000000e+02 0.000000000000000000e+00
2.704399999999999977e+02 0.000000000000000000e+00
2.708799999999999955e+02 0.000000000000000000e+00
2.713199999999999932e+02 0.000000000000000000e+00
2.717599999999999909e+02 0.000000000000000000e+00
2.721999999999999886e+02 0.000000000000000000e+00
2.726399999999999864e+02 0.000000000000000000e+00
2.730799999999999841e+02 0.000000000000000000e+00
2.735199999999999818e+02 0.000000000000000000e+00
2.739599999999999795e+02 0.000000000000000000e+00
2.743999999999999773e+02 0.000000000000000000e+00
2.748399999999999750e+02 0.000000000000000000e+00
2.752799999999999727e+02 0.000000000000000000e+00
2.757200000000000273e+02 0.000000000000000000e+00
2.761600000000000250e+02 0.000000000000000000e+00
2.766000000000000227e+02 0.000000000000000000e+00
2.770400000000000205e+02 0.000000000000000000e+00
2.774800000000000182e+02 0.000000000000000000e+00
2.779200000000000159e+02 0.000000000000000000e+00
2.783600000000000136e+02 0.000000000000000000e+00
2.788000000000000114e+02 0.000000000000000000e+00
2.792400000000000091e+02 0.000000000000000000e+00
2.796800000000000068e+02 0.000000000000000000e+00
2.801200000000000045e+02 0.000000000000000000e+00
2.805600000000000023e+02 0.000000000000000000e+00
2.810000000000000000e+02 0.000000000000000000e+00
2.814399999999999977e+02 0.000000000000000000e+00
2.818799999999999955e+02 0.000000000000000000e+00
2.823199999999999932e+02 0.000000000000000000e+00
2.827599999999999909e+02 0.000000000000000000e+00
2.831999999999999886e+02 0.000000000000000000e+00
2.836399999999999864e+02 0.000000000000000000e+00
2.840799999999999841e+02 0.000000000000000000e+00
2.845199999999999818e+02 0.000000000000000000e+00
2.849599999999999795e+02 0.000000000000000000e+00
2.853999999999999773e+02 0.000000000000000000e+00
2.858399999999999750e+02 0.000000000000000000e+00
2.862799999999999727e+02 0.000000000000000000e+00
2.867200000000000273e+02 0.000000000000000000e+00
2.871600000000000250e+02 0.000000000000000000e+00
2.876000000000000227e+02 0.000000000000000000e+00
2.880400000000000205e+02 0.000000000000000000e+00
2.884800000000000182e+02 0.000000000000000000e+00
2.889200000000000159e+02 0.000000000000000000e+00
2.893600000000000136e+02 0.000000000000000000e+00
2.898000000000000114e+02 0.000000000000000000e+00
2.902400000000000091e+02 0.000000000000000000e+00
2.906800000000000068e+02 0.000000000000000000e+00
2.911200000000000045e+02 0.000000000000000000e+00
2.915600000000000023e+02 0.000000000000000000e+00
2.920000000000000000e+02 0.000000000000000000e+00
2.924399999999999977e+02 0.000000000000000000e+00
2.928799999999999955e+02 0.000000000000000000e+00
2.933199999999999932e+02 0.000000000000000000e+00
2.937599999999999909e+02 0.000000000000000000e+00
2.941999999999999886e+02 0.000000000000000000e+00
2.946399999999999864e+02 0.000000000000000000e+00
2.950799999999999841e+02 0.000000000000000000e+00
2.955199999999999818e+02 0.000000000000000000e+00
2.959599999999999795e+02 0.000000000000000000e+00
2.963999999999999773e+02 0.000000000000000000e+00
2.968399999999999750e+02 0.000000000000000000e+00
2.972799999999999727e+02 0.000000000000000000e+00
2.977200000000000273e+02 0.000000000000000000e+00
2.981600000000000250e+02 0.000000000000000000e+00
2.986000000000000227e+02 0.000000000000000000e+00
2.990400000000000205e+02 0.000000000000000000e+00
2.994800000000000182e+02 0.000000000000000000e+00
2.999200000000000159e+02 0.000000000000000000e+00
3.003600000000000136e+02 1.080000000000040823e-02
3.008000000000000114e+02 2.400000000000034051e-02
3.012400000000000091e+02 3.720000000000027451e-02
3.016800000000000068e+02 5.040000000000020158e-02
3.021200000000000045e+02 6.360000000000012865e-02
3.025600000000000023e+02 7.680000000000006266e-02
3.030000000000000000e+02 8.999999999999999667e-02
3.034399999999999977e+02 1.031999999999999307e-01
3.038799999999999955e+02 1.163999999999998647e-01
3.043199999999999932e+02 1.295999999999997987e-01
3.047599999999999909e+02 1.427999999999997327e-01
3.051999999999999886e+02 1.595999999999994368e-01
3.056399999999999864e+02 1.807199999999993256e-01
3.060799999999999841e+02 2.018399999999992422e-01
3.065199999999999818e+02 2.229599999999991033e-01
3.069599999999999795e+02 2.440799999999990200e-01
3.073999999999999773e+02 2.651999999999988811e-01
3.078400000000000318e+02 2.863200000000015177e-01
3.082799999999999727e+02 3.074399999999987143e-01
3.087200000000000273e+02 3.285600000000012955e-01
3.091600000000000250e+02 3.496800000000012121e-01
3.096000000000000227e+02 3.708000000000011287e-01
3.100400000000000205e+02 4.007200000000055162e-01
3.104800000000000182e+02 5.186400000000048749e-01
3.109200000000000159e+02 6.365600000000042336e-01
3.113600000000000136e+02 7.544800000000035922e-01
3.118000000000000114e+02 8.724000000000029509e-01
3.122400000000000091e+02 9.903200000000023095e-01
3.126800000000000068e+02 1.108240000000001668e+00
3.131200000000000045e+02 1.226160000000001027e+00
3.135600000000000023e+02 1.344080000000000386e+00
3.140000000000000000e+02 1.461999999999999744e+00
3.144399999999999977e+02 1.579919999999999103e+00
3.148799999999999955e+02 1.697839999999998462e+00
3.153199999999999932e+02 1.837519999999997600e+00
3.157599999999999909e+02 1.985359999999996905e+00
3.161999999999999886e+02 2.133199999999995988e+00
3.166399999999999864e+02 2.281039999999995516e+00
3.170799999999999841e+02 2.428879999999994599e+00
3.175199999999999818e+02 2.576719999999993682e+00
3.179599999999999795e+02 2.724559999999993209e+00
3.183999999999999773e+02 2.872399999999992737e+00
3.188400000000000318e+02 3.020240000000010916e+00
3.192799999999999727e+02 3.168079999999990903e+00
3.197200000000000273e+02 3.315920000000009082e+00
3.201600000000000250e+02 3.512720000000016274e+00
3.206000000000000227e+02 3.795200000000014562e+00
3.210400000000000205e+02 4.077680000000013294e+00
3.214800000000000182e+02 4.360160000000012026e+00
3.219200000000000159e+02 4.642640000000010758e+00
3.223600000000000136e+02 4.925120000000008602e+00
3.228000000000000114e+02 5.207600000000007334e+00
3.232400000000000091e+02 5.490080000000006066e+00
3.236800000000000068e+02 5.772560000000004798e+00
3.241200000000000045e+02 6.055040000000003531e+00
3.245600000000000023e+02 6.337520000000001374e+00
3.250000000000000000e+02 6.620000000000000107e+00
3.254399999999999977e+02 6.932399999999998563e+00
3.258799999999999955e+02 7.244799999999997020e+00
3.263199999999999932e+02 7.557199999999995477e+00
3.267599999999999909e+02 7.869599999999993045e+00
3.271999999999999886e+02 8.181999999999991502e+00
3.276399999999999864e+02 8.494399999999989959e+00
3.280799999999999841e+02 8.806799999999988415e+00
3.285199999999999818e+02 9.119199999999986872e+00
3.289599999999999795e+02 9.431599999999985329e+00
3.293999999999999773e+02 9.743999999999983785e+00
3.298400000000000318e+02 1.005640000000002310e+01
3.302799999999999727e+02 1.035367999999998290e+01
3.307200000000000273e+02 1.064232000000001754e+01
3.311600000000000250e+02 1.093096000000001666e+01
3.316000000000000227e+02 1.121960000000001401e+01
3.320400000000000205e+02 1.150824000000001313e+01
3.324800000000000182e+02 1.179688000000001225e+01
3.329200000000000159e+02 1.208552000000000959e+01
3.333600000000000136e+02 1.237416000000000871e+01
3.338000000000000114e+02 1.266280000000000783e+01
3.342400000000000091e+02 1.295144000000000517e+01
3.346800000000000068e+02 1.324008000000000429e+01
3.351200000000000045e+02 1.352680000000000149e+01
3.355600000000000023e+02 1.380840000000000067e+01
3.360000000000000000e+02 1.408999999999999986e+01
3.364399999999999977e+02 1.437159999999999727e+01
3.368799999999999955e+02 1.465319999999999645e+01
3.373199999999999932e+02 1.493479999999999563e+01
3.377599999999999909e+02 1.521639999999999304e+01
3.381999999999999886e+02 1.549799999999999223e+01
3.386399999999999864e+02 1.577959999999998963e+01
3.390799999999999841e+02 1.606119999999998882e+01
3.395199999999999818e+02 1.634279999999998623e+01
3.399599999999999795e+02 1.662439999999998719e+01
3.403999999999999773e+02 1.682119999999999038e+01
3.408400000000000318e+02 1.700952000000001263e+01
3.412799999999999727e+02 1.719783999999998869e+01
3.417200000000000273e+02 1.738616000000001094e+01
3.421599999999999682e+02 1.757447999999998700e+01
3.426000000000000227e+02 1.776280000000000925e+01
3.430400000000000205e+02 1.795112000000000663e+01
3.434800000000000182e+02 1.813944000000000756e+01
3.439200000000000159e+02 1.832776000000000494e+01
3.443600000000000136e+02 1.851608000000000587e+01
3.448000000000000114e+02 1.870440000000000325e+01
3.452400000000000091e+02 1.888360000000000127e+01
3.456800000000000068e+02 1.905520000000000280e+01
3.461200000000000045e+02 1.922680000000000078e+01
3.465600000000000023e+02 1.939839999999999876e+01
3.470000000000000000e+02 1.957000000000000028e+01
3.474399999999999977e+02 1.974159999999999826e+01
3.478799999999999955e+02 1.991319999999999624e+01
3.483199999999999932e+02 2.008479999999999421e+01
3.487599999999999909e+02 2.025639999999999574e+01
3.491999999999999886e+02 2.042799999999999372e+01
3.496399999999999864e+02 2.059959999999999170e+01
3.500799999999999841e+02 2.075887999999999423e+01
3.505199999999999818e+02 2.086271999999999593e+01
3.509599999999999795e+02 2.096655999999999409e+01
3.513999999999999773e+02 2.107039999999999225e+01
3.518400000000000318e+02 2.117424000000000817e+01
3.522799999999999727e+02 2.127807999999999211e+01
3.527200000000000273e+02 2.138192000000000803e+01
3.531599999999999682e+02 2.148575999999999198e+01
3.536000000000000227e+02 2.158960000000000434e+01
3.540400000000000205e+02 2.169344000000000605e+01
3.544800000000000182e+02 2.179728000000000421e+01
3.549200000000000159e+02 2.190112000000000592e+01
3.553600000000000136e+02 2.201288000000000622e+01
3.558000000000000114e+02 2.212640000000000384e+01
3.562400000000000091e+02 2.223992000000000502e+01
3.566800000000000068e+02 2.235344000000000264e+01
3.571200000000000045e+02 2.246696000000000382e+01
3.575600000000000023e+02 2.258048000000000144e+01
3.580000000000000000e+02 2.269400000000000261e+01
3.584399999999999977e+02 2.280752000000000024e+01
3.588799999999999955e+02 2.292104000000000141e+01
3.593199999999999932e+02 2.303455999999999904e+01
3.597599999999999909e+02 2.314808000000000021e+01
3.601999999999999886e+02 2.323799999999999955e+01
3.606399999999999864e+02 2.329959999999999809e+01
3.610799999999999841e+02 2.336120000000000019e+01
3.615199999999999818e+02 2.342279999999999873e+01
3.619599999999999795e+02 2.348439999999999728e+01
3.623999999999999773e+02 2.354599999999999582e+01
3.628400000000000318e+02 2.360760000000000502e+01
3.632799999999999727e+02 2.366919999999999646e+01
3.637200000000000273e+02 2.373080000000000567e+01
3.641599999999999682e+02 2.379239999999999711e+01
3.646000000000000227e+02 2.385400000000000276e+01
3.650400000000000205e+02 2.391720000000000468e+01
3.654800000000000182e+02 2.399640000000000484e+01
3.659200000000000159e+02 2.407560000000000144e+01
3.663600000000000136e+02 2.415480000000000160e+01
3.668000000000000114e+02 2.423400000000000176e+01
3.672400000000000091e+02 2.431320000000000192e+01
3.676800000000000068e+02 2.439240000000000208e+01
3.681200000000000045e+02 2.447159999999999869e+01
3.685600000000000023e+02 2.455079999999999885e+01
3.690000000000000000e+02 2.462999999999999901e+01
3.694399999999999977e+02 2.470919999999999916e+01
3.698799999999999955e+02 2.478839999999999932e+01
3.703199999999999932e+02 2.484903999999999868e+01
3.707599999999999909e+02 2.490271999999999863e+01
3.711999999999999886e+02 2.495639999999999858e+01
3.716399999999999864e+02 2.501007999999999853e+01
3.720799999999999841e+02 2.506375999999999848e+01
3.725199999999999818e+02 2.511743999999999843e+01
3.729599999999999795e+02 2.517111999999999838e+01
3.733999999999999773e+02 2.522479999999999833e+01
3.738400000000000318e+02 2.527848000000000539e+01
3.742799999999999727e+02 2.533215999999999823e+01
3.747200000000000273e+02 2.538584000000000529e+01
3.751599999999999682e+02 2.543055999999999983e+01
3.756000000000000227e+02 2.545960000000000178e+01
3.760400000000000205e+02 2.548864000000000374e+01
3.764800000000000182e+02 2.551768000000000214e+01
3.769200000000000159e+02 2.554672000000000054e+01
3.773600000000000136e+02 2.557576000000000249e+01
3.778000000000000114e+02 2.560480000000000089e+01
3.782400000000000091e+02 2.563384000000000285e+01
3.786800000000000068e+02 2.566288000000000125e+01
3.791200000000000045e+02 2.569191999999999965e+01
3.795600000000000023e+02 2.572096000000000160e+01
3.800000000000000000e+02 2.575000000000000000e+01
3.804399999999999977e+02 2.576935999999999893e+01
3.808799999999999955e+02 2.578871999999999787e+01
3.813199999999999932e+02 2.580808000000000035e+01
3.817599999999999909e+02 2.582743999999999929e+01
3.821999999999999886e+02 2.584679999999999822e+01
3.826399999999999864e+02 2.586615999999999715e+01
3.830799999999999841e+02 2.588551999999999964e+01
3.835199999999999818e+02 2.590487999999999857e+01
3.839599999999999795e+02 2.592423999999999751e+01
3.843999999999999773e+02 2.594359999999999644e+01
3.848400000000000318e+02 2.596295999999999893e+01
3.852799999999999727e+02 2.598231999999999786e+01
3.857200000000000273e+02 2.600168000000000035e+01
3.861599999999999682e+02 2.602103999999999928e+01
3.866000000000000227e+02 2.604040000000000177e+01
3.870400000000000205e+02 2.605976000000000070e+01
3.874800000000000182e+02 2.607911999999999964e+01
3.879200000000000159e+02 2.609848000000000212e+01
3.883600000000000136e+02 2.611784000000000106e+01
3.888000000000000114e+02 2.613719999999999999e+01
3.892400000000000091e+02 2.615656000000000247e+01
3.896800000000000068e+02 2.617592000000000141e+01
3.901200000000000045e+02 2.619552000000000191e+01
3.905600000000000023e+02 2.621576000000000306e+01
3.910000000000000000e+02 2.623600000000000065e+01
3.914399999999999977e+02 2.625624000000000180e+01
3.918799999999999955e+02 2.627648000000000295e+01
3.923199999999999932e+02 2.629672000000000054e+01
3.927599999999999909e+02 2.631696000000000168e+01
3.931999999999999886e+02 2.633719999999999928e+01
3.936399999999999864e+02 2.635744000000000042e+01
3.940799999999999841e+02 2.637768000000000157e+01
3.945199999999999818e+02 2.639791999999999916e+01
3.949599999999999795e+02 2.641816000000000031e+01
3.953999999999999773e+02 2.640640000000000143e+01
3.958400000000000318e+02 2.639143999999999934e+01
3.962799999999999727e+02 2.637648000000000081e+01
3.967200000000000273e+02 2.636151999999999873e+01
3.971599999999999682e+02 2.634656000000000375e+01
3.976000000000000227e+02 2.633160000000000167e+01
3.980399999999999636e+02 2.631664000000000314e+01
3.984800000000000182e+02 2.630168000000000106e+01
3.989199999999999591e+02 2.628672000000000253e+01
3.993600000000000136e+02 2.627176000000000045e+01
3.998000000000000114e+02 2.625679999999999836e+01
4.002400000000000091e+02 2.623367999999999967e+01
4.006800000000000068e+02 2.620375999999999905e+01
4.011200000000000045e+02 2.617383999999999844e+01
4.015600000000000023e+02 2.614392000000000138e+01
4.020000000000000000e+02 2.611400000000000077e+01
4.024399999999999977e+02 2.608408000000000015e+01
4.028799999999999955e+02 2.605415999999999954e+01
4.033199999999999932e+02 2.602423999999999893e+01
4.037599999999999909e+02 2.599432000000000187e+01
4.041999999999999886e+02 2.596440000000000126e+01
4.046399999999999864e+02 2.593448000000000064e+01
4.050800000000000409e+02 2.590759999999999863e+01
4.055199999999999818e+02 2.589440000000000097e+01
4.059600000000000364e+02 2.588119999999999976e+01
4.063999999999999773e+02 2.586800000000000210e+01
4.068400000000000318e+02 2.585480000000000089e+01
4.072799999999999727e+02 2.584160000000000323e+01
4.077200000000000273e+02 2.582839999999999847e+01
4.081599999999999682e+02 2.581520000000000081e+01
4.086000000000000227e+02 2.580199999999999960e+01
4.090399999999999636e+02 2.578880000000000194e+01
4.094800000000000182e+02 2.577560000000000073e+01
4.099199999999999591e+02 2.576240000000000308e+01
4.103600000000000136e+02 2.573552000000000106e+01
4.108000000000000114e+02 2.570560000000000045e+01
4.112400000000000091e+02 2.567567999999999984e+01
4.116800000000000068e+02 2.564576000000000278e+01
4.121200000000000045e+02 2.561584000000000216e+01
4.125600000000000023e+02 2.558592000000000155e+01
4.130000000000000000e+02 2.555600000000000094e+01
4.134399999999999977e+02 2.552608000000000033e+01
4.138799999999999955e+02 2.549616000000000327e+01
4.143199999999999932e+02 2.546624000000000265e+01
4.147599999999999909e+02 2.543632000000000204e+01
4.151999999999999886e+02 2.541000000000000369e+01
4.156399999999999864e+02 2.538800000000000168e+01
4.160800000000000409e+02 2.536599999999999966e+01
4.165199999999999818e+02 2.534400000000000119e+01
4.169600000000000364e+02 2.532199999999999918e+01
4.173999999999999773e+02 2.530000000000000426e+01
4.178400000000000318e+02 2.527799999999999869e+01
4.182799999999999727e+02 2.525600000000000378e+01
4.187200000000000273e+02 2.523400000000000176e+01
4.191599999999999682e+02 2.521200000000000330e+01
4.196000000000000227e+02 2.519000000000000128e+01
4.200399999999999636e+02 2.516904000000000252e+01
4.204800000000000182e+02 2.515848000000000084e+01
4.209199999999999591e+02 2.514792000000000272e+01
4.213600000000000136e+02 2.513736000000000104e+01
4.218000000000000114e+02 2.512679999999999936e+01
4.222400000000000091e+02 2.511624000000000123e+01
4.226800000000000068e+02 2.510567999999999955e+01
4.231200000000000045e+02 2.509512000000000143e+01
4.235600000000000023e+02 2.508455999999999975e+01
4.240000000000000000e+02 2.507400000000000162e+01
4.244399999999999977e+02 2.506343999999999994e+01
4.248799999999999955e+02 2.505288000000000181e+01
4.253199999999999932e+02 2.503656000000000148e+01
4.257599999999999909e+02 2.501808000000000121e+01
4.261999999999999886e+02 2.499960000000000093e+01
4.266399999999999864e+02 2.498112000000000066e+01
4.270800000000000409e+02 2.496264000000000038e+01
4.275199999999999818e+02 2.494416000000000011e+01
4.279600000000000364e+02 2.492567999999999984e+01
4.283999999999999773e+02 2.490719999999999956e+01
4.288400000000000318e+02 2.488871999999999929e+01
4.292799999999999727e+02 2.487024000000000257e+01
4.297200000000000273e+02 2.485175999999999874e+01
4.301599999999999682e+02 2.482880000000000109e+01
4.306000000000000227e+02 2.479799999999999827e+01
4.310399999999999636e+02 2.476720000000000255e+01
4.314800000000000182e+02 2.473639999999999972e+01
4.319199999999999591e+02 2.470560000000000045e+01
4.323600000000000136e+02 2.467479999999999762e+01
4.328000000000000114e+02 2.464399999999999835e+01
4.332400000000000091e+02 2.461319999999999908e+01
4.336800000000000068e+02 2.458239999999999981e+01
4.341200000000000045e+02 2.455159999999999698e+01
4.345600000000000023e+02 2.452079999999999771e+01
4.350000000000000000e+02 2.448999999999999844e+01
4.354399999999999977e+02 2.445919999999999916e+01
4.358799999999999955e+02 2.442839999999999989e+01
4.363199999999999932e+02 2.439760000000000062e+01
4.367599999999999909e+02 2.436680000000000135e+01
4.371999999999999886e+02 2.433599999999999852e+01
4.376399999999999864e+02 2.430519999999999925e+01
4.380800000000000409e+02 2.427439999999999642e+01
4.385199999999999818e+02 2.424360000000000070e+01
4.389600000000000364e+02 2.421279999999999788e+01
4.393999999999999773e+02 2.418200000000000216e+01
4.398400000000000318e+02 2.415119999999999933e+01
4.402799999999999727e+02 2.411984000000000350e+01
4.407200000000000273e+02 2.408815999999999846e+01
4.411599999999999682e+02 2.405648000000000408e+01
4.416000000000000227e+02 2.402479999999999905e+01
4.420399999999999636e+02 2.399312000000000467e+01
4.424800000000000182e+02 2.396143999999999963e+01
4.429199999999999591e+02 2.392976000000000525e+01
4.433600000000000136e+02 2.389808000000000021e+01
4.438000000000000114e+02 2.386639999999999873e+01
4.442400000000000091e+02 2.383472000000000079e+01
4.446800000000000068e+02 2.380303999999999931e+01
4.451200000000000045e+02 2.376895999999999987e+01
4.455600000000000023e+02 2.372848000000000113e+01
4.460000000000000000e+02 2.368800000000000239e+01
4.464399999999999977e+02 2.364752000000000010e+01
4.468799999999999955e+02 2.360704000000000136e+01
4.473199999999999932e+02 2.356656000000000262e+01
4.477599999999999909e+02 2.352608000000000033e+01
4.481999999999999886e+02 2.348560000000000159e+01
4.486399999999999864e+02 2.344512000000000285e+01
4.490800000000000409e+02 2.340463999999999700e+01
4.495199999999999818e+02 2.336416000000000182e+01
4.499600000000000364e+02 2.332367999999999597e+01
4.503999999999999773e+02 2.328400000000000247e+01
4.508400000000000318e+02 2.324439999999999884e+01
4.512799999999999727e+02 2.320480000000000231e+01
4.517200000000000273e+02 2.316519999999999868e+01
4.521599999999999682e+02 2.312560000000000215e+01
4.526000000000000227e+02 2.308599999999999852e+01
4.530399999999999636e+02 2.304640000000000555e+01
4.534800000000000182e+02 2.300679999999999836e+01
4.539199999999999591e+02 2.296720000000000539e+01
4.543600000000000136e+02 2.292759999999999820e+01
4.548000000000000114e+02 2.288800000000000168e+01
4.552400000000000091e+02 2.284311999999999898e+01
4.556800000000000068e+02 2.279383999999999943e+01
4.561200000000000045e+02 2.274455999999999989e+01
4.565600000000000023e+02 2.269528000000000034e+01
4.570000000000000000e+02 2.264600000000000080e+01
4.574399999999999977e+02 2.259672000000000125e+01
4.578799999999999955e+02 2.254744000000000170e+01
4.583199999999999932e+02 2.249815999999999860e+01
4.587599999999999909e+02 2.244887999999999906e+01
4.591999999999999886e+02 2.239959999999999951e+01
4.596399999999999864e+02 2.235031999999999996e+01
4.600800000000000409e+02 2.229799999999999116e+01
4.605199999999999818e+02 2.223200000000000287e+01
4.609600000000000364e+02 2.216599999999999326e+01
4.613999999999999773e+02 2.210000000000000142e+01
4.618400000000000318e+02 2.203399999999999537e+01
4.622799999999999727e+02 2.196800000000000352e+01
4.627200000000000273e+02 2.190199999999999392e+01
4.631599999999999682e+02 2.183600000000000207e+01
4.636000000000000227e+02 2.176999999999999602e+01
4.640399999999999636e+02 2.170400000000000418e+01
4.644800000000000182e+02 2.163799999999999457e+01
4.649199999999999591e+02 2.157200000000000628e+01
4.653600000000000136e+02 2.150527999999999551e+01
4.658000000000000114e+02 2.143839999999999790e+01
4.662400000000000091e+02 2.137151999999999674e+01
4.666800000000000068e+02 2.130463999999999913e+01
4.671200000000000045e+02 2.123775999999999797e+01
4.675600000000000023e+02 2.117088000000000036e+01
4.680000000000000000e+02 2.110399999999999920e+01
4.684399999999999977e+02 2.103712000000000160e+01
4.688799999999999955e+02 2.097024000000000044e+01
4.693199999999999932e+02 2.090336000000000283e+01
4.697599999999999909e+02 2.083648000000000167e+01
4.701999999999999886e+02 2.076800000000000423e+01
4.706399999999999864e+02 2.069760000000000133e+01
4.710800000000000409e+02 2.062719999999999487e+01
4.715199999999999818e+02 2.055680000000000263e+01
4.719600000000000364e+02 2.048639999999999617e+01
4.723999999999999773e+02 2.041600000000000392e+01
4.728400000000000318e+02 2.034559999999999391e+01
4.732799999999999727e+02 2.027520000000000522e+01
4.737200000000000273e+02 2.020479999999999521e+01
4.741599999999999682e+02 2.013440000000000651e+01
4.746000000000000227e+02 2.006399999999999650e+01
4.750399999999999636e+02 1.999520000000000408e+01
4.754800000000000182e+02 1.994239999999999924e+01
4.759199999999999591e+02 1.988960000000000505e+01
4.763600000000000136e+02 1.983679999999999666e+01
4.768000000000000114e+02 1.978399999999999892e+01
4.772400000000000091e+02 1.973119999999999763e+01
4.776800000000000068e+02 1.967839999999999989e+01
4.781200000000000045e+02 1.962559999999999860e+01
4.785600000000000023e+02 1.957279999999999731e+01
4.790000000000000000e+02 1.951999999999999957e+01
4.794399999999999977e+02 1.946719999999999828e+01
4.798799999999999955e+02 1.941440000000000055e+01
4.803199999999999932e+02 1.935839999999999961e+01
4.807599999999999909e+02 1.930120000000000147e+01
4.811999999999999886e+02 1.924399999999999977e+01
4.816399999999999864e+02 1.918680000000000163e+01
4.820800000000000409e+02 1.912959999999999283e+01
4.825199999999999818e+02 1.907240000000000180e+01
4.829600000000000364e+02 1.901519999999999300e+01
4.833999999999999773e+02 1.895800000000000196e+01
4.838400000000000318e+02 1.890079999999999671e+01
4.842799999999999727e+02 1.884360000000000213e+01
4.847200000000000273e+02 1.878639999999999688e+01
4.851599999999999682e+02 1.873560000000000159e+01
4.856000000000000227e+02 1.869599999999999795e+01
4.860399999999999636e+02 1.865640000000000498e+01
4.864800000000000182e+02 1.861679999999999779e+01
4.869199999999999591e+02 1.857720000000000482e+01
4.873600000000000136e+02 1.853759999999999764e+01
4.878000000000000114e+02 1.849800000000000111e+01
4.882400000000000091e+02 1.845840000000000103e+01
4.886800000000000068e+02 1.841880000000000095e+01
4.891200000000000045e+02 1.837920000000000087e+01
4.895600000000000023e+02 1.833960000000000079e+01
4.900000000000000000e+02 1.830000000000000071e+01
4.904399999999999977e+02 1.826480000000000103e+01
4.908799999999999955e+02 1.822960000000000136e+01
4.913199999999999932e+02 1.819440000000000168e+01
4.917599999999999909e+02 1.815920000000000201e+01
4.921999999999999886e+02 1.812400000000000233e+01
4.926399999999999864e+02 1.808879999999999910e+01
4.930800000000000409e+02 1.805359999999999587e+01
4.935199999999999818e+02 1.801839999999999975e+01
4.939600000000000364e+02 1.798319999999999652e+01
4.943999999999999773e+02 1.794800000000000040e+01
4.948400000000000318e+02 1.791279999999999717e+01
4.952799999999999727e+02 1.787704000000000093e+01
4.957200000000000273e+02 1.784095999999999549e+01
4.961599999999999682e+02 1.780488000000000071e+01
4.966000000000000227e+02 1.776879999999999526e+01
4.970399999999999636e+02 1.773272000000000048e+01
4.974800000000000182e+02 1.769663999999999859e+01
4.979199999999999591e+02 1.766056000000000026e+01
4.983600000000000136e+02 1.762447999999999837e+01
4.988000000000000114e+02 1.758839999999999648e+01
4.992400000000000091e+02 1.755231999999999815e+01
4.996800000000000068e+02 1.751623999999999626e+01
5.001200000000000045e+02 1.748159999999999670e+01
5.005600000000000023e+02 1.745079999999999742e+01
5.010000000000000000e+02 1.741999999999999815e+01
5.014399999999999977e+02 1.738919999999999888e+01
5.018799999999999955e+02 1.735839999999999961e+01
5.023199999999999932e+02 1.732760000000000034e+01
5.027599999999999909e+02 1.729680000000000106e+01
5.031999999999999886e+02 1.726600000000000179e+01
5.036399999999999864e+02 1.723520000000000252e+01
5.040800000000000409e+02 1.720439999999999614e+01
5.045199999999999818e+02 1.717360000000000042e+01
5.049600000000000364e+02 1.714279999999999760e+01
5.053999999999999773e+02 1.710400000000000276e+01
5.058400000000000318e+02 1.706439999999999912e+01
5.062799999999999727e+02 1.702480000000000260e+01
5.067200000000000273e+02 1.698519999999999897e+01
5.071599999999999682e+02 1.694560000000000244e+01
5.076000000000000227e+02 1.690599999999999881e+01
5.080399999999999636e+02 1.686640000000000583e+01
5.084800000000000182e+02 1.682679999999999865e+01
5.089199999999999591e+02 1.678720000000000567e+01
5.093600000000000136e+02 1.674759999999999849e+01
5.098000000000000114e+02 1.670800000000000196e+01
5.102400000000000091e+02 1.666072000000000131e+01
5.106800000000000068e+02 1.660704000000000136e+01
5.111200000000000045e+02 1.655336000000000141e+01
5.115600000000000023e+02 1.649968000000000146e+01
5.120000000000000000e+02 1.644600000000000151e+01
5.124400000000000546e+02 1.639231999999999445e+01
5.128799999999999955e+02 1.633864000000000161e+01
5.133199999999999363e+02 1.628496000000000876e+01
5.137599999999999909e+02 1.623128000000000171e+01
5.142000000000000455e+02 1.617759999999999465e+01
5.146399999999999864e+02 1.612392000000000181e+01
5.150800000000000409e+02 1.606703999999999155e+01
5.155199999999999818e+02 1.599576000000000064e+01
5.159600000000000364e+02 1.592447999999999197e+01
5.163999999999999773e+02 1.585320000000000285e+01
5.168400000000000318e+02 1.578191999999999418e+01
5.172799999999999727e+02 1.571064000000000327e+01
5.177200000000000273e+02 1.563935999999999460e+01
5.181599999999999682e+02 1.556808000000000369e+01
5.186000000000000227e+02 1.549679999999999502e+01
5.190399999999999636e+02 1.542552000000000589e+01
5.194800000000000182e+02 1.535423999999999722e+01
5.199199999999999591e+02 1.528296000000000632e+01
5.203600000000000136e+02 1.518287999999999549e+01
5.207999999999999545e+02 1.507640000000001024e+01
5.212400000000000091e+02 1.496991999999999834e+01
5.216800000000000637e+02 1.486343999999998466e+01
5.221200000000000045e+02 1.475695999999999941e+01
5.225599999999999454e+02 1.465048000000001238e+01
5.230000000000000000e+02 1.454400000000000048e+01
5.234400000000000546e+02 1.443751999999998681e+01
5.238799999999999955e+02 1.433104000000000156e+01
5.243199999999999363e+02 1.422456000000001630e+01
5.247599999999999909e+02 1.411808000000000263e+01
5.252000000000000455e+02 1.400399999999998712e+01
5.256399999999999864e+02 1.388080000000000425e+01
5.260799999999999272e+02 1.375760000000002137e+01
5.265199999999999818e+02 1.363440000000000474e+01
5.269600000000000364e+02 1.351119999999998988e+01
5.273999999999999773e+02 1.338800000000000701e+01
5.278399999999999181e+02 1.326480000000002235e+01
5.282799999999999727e+02 1.314160000000000750e+01
5.287200000000000273e+02 1.301839999999999264e+01
5.291600000000000819e+02 1.289519999999997779e+01
5.296000000000000227e+02 1.277199999999999314e+01
5.300399999999999636e+02 1.264960000000001017e+01
5.304800000000000182e+02 1.253519999999999612e+01
5.309200000000000728e+02 1.242079999999998030e+01
5.313600000000000136e+02 1.230639999999999645e+01
5.317999999999999545e+02 1.219200000000001261e+01
5.322400000000000091e+02 1.207759999999999678e+01
5.326800000000000637e+02 1.196319999999998274e+01
5.331200000000000045e+02 1.184879999999999889e+01
5.335599999999999454e+02 1.173440000000001326e+01
5.340000000000000000e+02 1.161999999999999922e+01
5.344400000000000546e+02 1.150559999999998517e+01
5.348799999999999955e+02 1.139120000000000132e+01
5.353199999999999363e+02 1.127680000000001570e+01
5.357599999999999909e+02 1.116240000000000165e+01
5.362000000000000455e+02 1.104799999999998761e+01
5.366399999999999864e+02 1.093360000000000376e+01
5.370799999999999272e+02 1.081920000000001814e+01
5.375199999999999818e+02 1.070480000000000409e+01
5.379600000000000364e+02 1.059039999999999004e+01
5.383999999999999773e+02 1.047600000000000620e+01
5.388399999999999181e+02 1.036160000000002235e+01
5.392799999999999727e+02 1.024720000000000653e+01
5.397200000000000273e+02 1.013279999999999248e+01
5.401600000000000819e+02 1.002799999999998448e+01
5.406000000000000227e+02 9.939999999999995950e+00
5.410399999999999636e+02 9.852000000000007418e+00
5.414800000000000182e+02 9.763999999999997570e+00
5.419200000000000728e+02 9.675999999999985945e+00
5.423600000000000136e+02 9.587999999999997414e+00
5.427999999999999545e+02 9.500000000000008882e+00
5.432400000000000091e+02 9.411999999999999034e+00
5.436800000000000637e+02 9.323999999999987409e+00
5.441200000000000045e+02 9.235999999999998877e+00
5.445599999999999454e+02 9.148000000000012122e+00
5.450000000000000000e+02 9.060000000000000497e+00
5.454400000000000546e+02 8.998399999999993071e+00
5.458799999999999955e+02 8.936800000000001631e+00
5.463199999999999363e+02 8.875200000000008416e+00
5.467599999999999909e+02 8.813600000000000989e+00
5.472000000000000455e+02 8.751999999999993562e+00
5.476399999999999864e+02 8.690400000000002123e+00
5.480799999999999272e+02 8.628800000000010684e+00
5.485199999999999818e+02 8.567200000000001481e+00
5.489600000000000364e+02 8.505599999999994054e+00
5.493999999999999773e+02 8.444000000000002615e+00
5.498399999999999181e+02 8.382400000000011175e+00
5.502799999999999727e+02 8.325280000000002900e+00
5.507200000000000273e+02 8.270719999999995409e+00
5.511600000000000819e+02 8.216159999999989694e+00
5.516000000000000227e+02 8.161599999999996413e+00
5.520399999999999636e+02 8.107040000000004909e+00
5.524800000000000182e+02 8.052479999999997418e+00
5.529200000000000728e+02 7.997919999999990814e+00
5.533600000000000136e+02 7.943359999999998422e+00
5.537999999999999545e+02 7.888800000000006030e+00
5.542400000000000091e+02 7.834239999999999426e+00
5.546800000000000637e+02 7.779679999999991935e+00
5.551200000000000045e+02 7.729439999999999422e+00
5.555599999999999454e+02 7.690720000000005108e+00
5.560000000000000000e+02 7.652000000000000135e+00
5.564400000000000546e+02 7.613279999999995162e+00
5.568799999999999955e+02 7.574560000000000848e+00
5.573199999999999363e+02 7.535840000000005645e+00
5.577599999999999909e+02 7.497120000000000672e+00
5.582000000000000455e+02 7.458399999999995700e+00
5.586399999999999864e+02 7.419680000000001385e+00
5.590799999999999272e+02 7.380960000000006183e+00
5.595199999999999818e+02 7.342240000000001210e+00
5.599600000000000364e+02 7.303519999999996237e+00
5.603999999999999773e+02 7.268000000000001570e+00
5.608399999999999181e+02 7.232800000000006335e+00
5.612799999999999727e+02 7.197600000000002218e+00
5.617200000000000273e+02 7.162399999999998101e+00
5.621600000000000819e+02 7.127199999999993096e+00
5.626000000000000227e+02 7.091999999999997861e+00
5.630399999999999636e+02 7.056800000000002626e+00
5.634800000000000182e+02 7.021599999999998509e+00
5.639200000000000728e+02 6.986399999999994392e+00
5.643600000000000136e+02 6.951199999999999157e+00
5.647999999999999545e+02 6.916000000000003922e+00
5.652400000000000091e+02 6.880799999999999805e+00
5.656800000000000637e+02 6.845599999999994800e+00
5.661200000000000045e+02 6.810399999999999565e+00
5.665599999999999454e+02 6.775200000000004330e+00
5.670000000000000000e+02 6.740000000000000213e+00
5.674400000000000546e+02 6.704799999999996096e+00
5.678799999999999955e+02 6.669600000000000861e+00
5.683199999999999363e+02 6.634400000000005626e+00
5.687599999999999909e+02 6.599200000000000621e+00
5.692000000000000455e+02 6.563999999999996504e+00
5.696399999999999864e+02 6.528800000000001269e+00
5.700799999999999272e+02 6.495200000000004081e+00
5.705199999999999818e+02 6.468800000000000772e+00
5.709600000000000364e+02 6.442399999999997462e+00
5.713999999999999773e+02 6.416000000000001258e+00
5.718399999999999181e+02 6.389600000000005053e+00
5.722799999999999727e+02 6.363200000000001744e+00
5.727200000000000273e+02 6.336799999999998434e+00
5.731600000000000819e+02 6.310399999999995124e+00
5.736000000000000227e+02 6.283999999999998920e+00
5.740399999999999636e+02 6.257600000000002716e+00
5.744800000000000182e+02 6.231199999999999406e+00
5.749200000000000728e+02 6.204799999999996096e+00
5.753600000000000136e+02 6.178399999999999004e+00
5.757999999999999545e+02 6.152000000000002800e+00
5.762400000000000091e+02 6.125599999999999490e+00
5.766800000000000637e+02 6.099199999999996180e+00
5.771200000000000045e+02 6.072799999999999976e+00
5.775599999999999454e+02 6.046400000000003772e+00
5.780000000000000000e+02 6.020000000000000462e+00
5.784400000000000546e+02 5.993599999999997152e+00
5.788799999999999955e+02 5.967200000000000948e+00
5.793199999999999363e+02 5.940800000000003855e+00
5.797599999999999909e+02 5.914400000000000546e+00
5.802000000000000455e+02 5.887999999999997236e+00
5.806399999999999864e+02 5.861600000000001032e+00
5.810799999999999272e+02 5.835200000000004827e+00
5.815199999999999818e+02 5.808800000000001518e+00
5.819600000000000364e+02 5.782399999999998208e+00
5.823999999999999773e+02 5.756000000000001116e+00
5.828399999999999181e+02 5.729600000000004911e+00
5.832799999999999727e+02 5.703200000000001602e+00
5.837200000000000273e+02 5.676799999999998292e+00
5.841600000000000819e+02 5.650399999999994982e+00
5.846000000000000227e+02 5.623999999999998778e+00
5.850399999999999636e+02 5.597600000000001685e+00
5.854800000000000182e+02 5.571199999999998376e+00
5.859200000000000728e+02 5.544799999999995066e+00
5.863600000000000136e+02 5.518399999999998862e+00
5.867999999999999545e+02 5.492000000000002657e+00
5.872400000000000091e+02 5.465599999999999348e+00
5.876800000000000637e+02 5.439199999999996038e+00
5.881200000000000045e+02 5.412799999999999834e+00
5.885599999999999454e+02 5.386400000000002741e+00
5.890000000000000000e+02 5.359999999999999432e+00
5.894400000000000546e+02 5.333599999999996122e+00
5.898799999999999955e+02 5.307199999999999918e+00
5.903199999999999363e+02 5.280800000000003713e+00
5.907599999999999909e+02 5.254400000000000404e+00
5.912000000000000455e+02 5.227999999999997094e+00
5.916399999999999864e+02 5.201600000000000890e+00
5.920799999999999272e+02 5.175200000000004685e+00
5.925199999999999818e+02 5.148800000000001376e+00
5.929600000000000364e+02 5.122399999999998066e+00
5.933999999999999773e+02 5.096000000000000973e+00
5.938399999999999181e+02 5.069600000000004769e+00
5.942799999999999727e+02 5.043200000000001459e+00
5.947200000000000273e+02 5.016799999999998150e+00
5.951600000000000819e+02 4.990399999999994840e+00
5.956000000000000227e+02 4.963999999999998636e+00
5.960399999999999636e+02 4.937600000000002431e+00
5.964800000000000182e+02 4.911199999999999122e+00
5.969200000000000728e+02 4.884799999999995812e+00
5.973600000000000136e+02 4.858399999999999608e+00
5.977999999999999545e+02 4.832000000000002515e+00
5.982400000000000091e+02 4.805599999999999206e+00
5.986800000000000637e+02 4.779199999999995896e+00
5.991200000000000045e+02 4.752799999999999692e+00
5.995599999999999454e+02 4.726400000000003487e+00
6.000000000000000000e+02 4.700000000000000178e+00
6.004400000000000546e+02 4.682399999999997675e+00
6.008799999999999955e+02 4.664800000000000502e+00
6.013199999999999363e+02 4.647200000000002440e+00
6.017599999999999909e+02 4.629600000000000826e+00
6.022000000000000455e+02 4.611999999999998323e+00
6.026399999999999864e+02 4.594400000000000261e+00
6.030799999999999272e+02 4.576800000000003088e+00
6.035199999999999818e+02 4.559200000000000585e+00
6.039600000000000364e+02 4.541599999999998971e+00
6.043999999999999773e+02 4.524000000000000909e+00
6.048399999999999181e+02 4.506400000000002848e+00
6.052799999999999727e+02 4.483200000000001850e+00
6.057200000000000273e+02 4.456799999999998541e+00
6.061600000000000819e+02 4.430399999999995231e+00
6.066000000000000227e+02 4.403999999999999027e+00
6.070399999999999636e+02 4.377600000000001934e+00
6.074800000000000182e+02 4.351199999999998624e+00
6.079200000000000728e+02 4.324799999999995315e+00
6.083600000000000136e+02 4.298399999999999110e+00
6.087999999999999545e+02 4.272000000000002906e+00
6.092400000000000091e+02 4.245599999999999596e+00
6.096800000000000637e+02 4.219199999999996287e+00
6.101200000000000045e+02 4.195199999999999818e+00
6.105599999999999454e+02 4.177600000000002645e+00
6.110000000000000000e+02 4.160000000000000142e+00
6.114400000000000546e+02 4.142399999999997640e+00
6.118799999999999955e+02 4.124800000000000466e+00
6.123199999999999363e+02 4.107200000000002404e+00
6.127599999999999909e+02 4.089600000000000790e+00
6.132000000000000455e+02 4.071999999999998288e+00
6.136399999999999864e+02 4.054400000000000226e+00
6.140799999999999272e+02 4.036800000000003052e+00
6.145199999999999818e+02 4.019200000000000550e+00
6.149600000000000364e+02 4.001599999999998936e+00
6.153999999999999773e+02 3.976000000000001311e+00
6.158399999999999181e+02 3.949600000000005107e+00
6.162799999999999727e+02 3.923200000000001797e+00
6.167200000000000273e+02 3.896799999999998487e+00
6.171600000000000819e+02 3.870399999999995178e+00
6.176000000000000227e+02 3.843999999999998529e+00
6.180399999999999636e+02 3.817600000000002325e+00
6.184800000000000182e+02 3.791199999999999015e+00
6.189200000000000728e+02 3.764799999999995705e+00
6.193600000000000136e+02 3.738399999999999501e+00
6.197999999999999545e+02 3.712000000000002853e+00
6.202400000000000091e+02 3.690399999999999903e+00
6.206800000000000637e+02 3.672799999999997400e+00
6.211200000000000045e+02 3.655199999999999783e+00
6.215599999999999454e+02 3.637600000000002165e+00
6.220000000000000000e+02 3.620000000000000107e+00
6.224400000000000546e+02 3.602399999999998048e+00
6.228799999999999955e+02 3.584800000000000431e+00
6.233199999999999363e+02 3.567200000000002813e+00
6.237599999999999909e+02 3.549600000000000311e+00
6.242000000000000455e+02 3.531999999999998252e+00
6.246399999999999864e+02 3.514400000000000635e+00
6.250799999999999272e+02 3.496800000000003017e+00
6.255199999999999818e+02 3.479200000000000514e+00
6.259600000000000364e+02 3.461599999999998456e+00
6.263999999999999773e+02 3.444000000000000838e+00
6.268399999999999181e+02 3.426400000000003221e+00
6.272799999999999727e+02 3.408800000000001162e+00
6.277200000000000273e+02 3.391199999999998660e+00
6.281600000000000819e+02 3.373599999999996601e+00
6.286000000000000227e+02 3.355999999999998984e+00
6.290399999999999636e+02 3.338400000000001366e+00
6.294800000000000182e+02 3.320799999999999308e+00
6.299200000000000728e+02 3.303199999999996805e+00
6.303600000000000136e+02 3.285599999999999188e+00
6.307999999999999545e+02 3.268000000000001570e+00
6.312400000000000091e+02 3.250399999999999512e+00
6.316800000000000637e+02 3.232799999999997453e+00
6.321200000000000045e+02 3.215199999999999836e+00
6.325599999999999454e+02 3.197600000000002218e+00
6.330000000000000000e+02 3.180000000000000160e+00
6.334400000000000546e+02 3.162399999999997657e+00
6.338799999999999955e+02 3.144800000000000040e+00
6.343199999999999363e+02 3.127200000000002422e+00
6.347599999999999909e+02 3.109600000000000364e+00
6.352000000000000455e+02 3.091999999999998305e+00
6.356399999999999864e+02 3.074400000000000688e+00
6.360799999999999272e+02 3.056800000000003070e+00
6.365199999999999818e+02 3.039200000000000568e+00
6.369600000000000364e+02 3.021599999999998509e+00
6.373999999999999773e+02 3.004000000000000892e+00
6.378399999999999181e+02 2.986400000000003274e+00
6.382799999999999727e+02 2.968800000000001216e+00
6.387200000000000273e+02 2.951199999999998713e+00
6.391600000000000819e+02 2.933599999999996655e+00
6.396000000000000227e+02 2.915999999999999037e+00
6.400399999999999636e+02 2.898400000000001420e+00
6.404800000000000182e+02 2.880799999999999361e+00
6.409200000000000728e+02 2.863199999999996859e+00
6.413600000000000136e+02 2.845599999999999241e+00
6.417999999999999545e+02 2.828000000000001624e+00
6.422400000000000091e+02 2.810399999999999565e+00
6.426800000000000637e+02 2.792799999999997507e+00
6.431200000000000045e+02 2.775199999999999889e+00
6.435599999999999454e+02 2.757600000000002272e+00
6.440000000000000000e+02 2.740000000000000213e+00
6.444400000000000546e+02 2.722399999999998155e+00
6.448799999999999955e+02 2.704800000000000537e+00
6.453199999999999363e+02 2.687200000000002920e+00
6.457599999999999909e+02 2.669600000000000417e+00
6.462000000000000455e+02 2.651999999999998359e+00
6.466399999999999864e+02 2.634400000000000741e+00
6.470799999999999272e+02 2.616800000000003124e+00
6.475199999999999818e+02 2.599200000000000621e+00
6.479600000000000364e+02 2.581599999999998563e+00
6.483999999999999773e+02 2.564000000000000945e+00
6.488399999999999181e+02 2.546400000000003327e+00
6.492799999999999727e+02 2.528800000000001269e+00
6.497200000000000273e+02 2.511199999999998766e+00
6.501600000000000819e+02 2.493599999999996708e+00
6.506000000000000227e+02 2.475999999999999091e+00
6.510399999999999636e+02 2.458400000000001473e+00
6.514800000000000182e+02 2.440799999999999415e+00
6.519200000000000728e+02 2.423199999999996912e+00
6.523600000000000136e+02 2.405599999999999294e+00
6.527999999999999545e+02 2.388000000000001677e+00
6.532400000000000091e+02 2.370399999999999618e+00
6.536800000000000637e+02 2.352799999999997116e+00
6.541200000000000045e+02 2.335199999999999498e+00
6.545599999999999454e+02 2.317600000000001881e+00
6.550000000000000000e+02 2.299999999999999822e+00
6.554400000000000546e+02 2.299999999999999822e+00
6.558799999999999955e+02 2.299999999999999822e+00
6.563199999999999363e+02 2.299999999999999822e+00
6.567599999999999909e+02 2.299999999999999822e+00
6.572000000000000455e+02 2.299999999999999822e+00
6.576399999999999864e+02 2.299999999999999822e+00
6.580799999999999272e+02 2.299999999999999822e+00
6.585199999999999818e+02 2.299999999999999822e+00
6.589600000000000364e+02 2.299999999999999822e+00
6.593999999999999773e+02 2.299999999999999822e+00
6.598399999999999181e+02 2.299999999999999822e+00
6.602799999999999727e+02 2.288800000000001056e+00
6.607200000000000273e+02 2.271199999999998553e+00
6.611600000000000819e+02 2.253599999999996495e+00
6.616000000000000227e+02 2.235999999999998877e+00
6.620399999999999636e+02 2.218400000000001260e+00
6.624800000000000182e+02 2.200799999999999201e+00
6.629200000000000728e+02 2.183199999999997143e+00
6.633600000000000136e+02 2.165599999999999525e+00
6.637999999999999545e+02 2.148000000000001908e+00
6.642400000000000091e+02 2.130399999999999849e+00
6.646800000000000637e+02 2.112799999999997347e+00
6.651200000000000045e+02 2.092799999999999994e+00
6.655599999999999454e+02 2.066400000000003345e+00
6.660000000000000000e+02 2.040000000000000036e+00
6.664400000000000546e+02 2.013599999999996726e+00
6.668799999999999955e+02 1.987200000000000299e+00
6.673199999999999363e+02 1.960800000000003873e+00
6.677599999999999909e+02 1.934400000000000563e+00
6.682000000000000455e+02 1.907999999999997254e+00
6.686399999999999864e+02 1.881600000000000827e+00
6.690799999999999272e+02 1.855200000000004401e+00
6.695199999999999818e+02 1.828800000000001091e+00
6.699600000000000364e+02 1.802399999999997782e+00
6.703999999999999773e+02 1.784000000000000918e+00
6.708399999999999181e+02 1.766400000000003301e+00
6.712799999999999727e+02 1.748800000000001242e+00
6.717200000000000273e+02 1.731199999999998962e+00
6.721600000000000819e+02 1.713599999999996681e+00
6.726000000000000227e+02 1.695999999999999064e+00
6.730399999999999636e+02 1.678400000000001446e+00
6.734800000000000182e+02 1.660799999999999388e+00
6.739200000000000728e+02 1.643199999999997107e+00
6.743600000000000136e+02 1.625599999999999490e+00
6.747999999999999545e+02 1.608000000000001872e+00
6.752400000000000091e+02 1.585599999999999454e+00
6.756800000000000637e+02 1.559199999999996367e+00
6.761200000000000045e+02 1.532799999999999718e+00
6.765599999999999454e+02 1.506400000000003292e+00
6.770000000000000000e+02 1.479999999999999982e+00
6.774400000000000546e+02 1.453599999999996673e+00
6.778799999999999955e+02 1.427200000000000246e+00
6.783199999999999363e+02 1.400800000000003820e+00
6.787599999999999909e+02 1.374400000000000510e+00
6.792000000000000455e+02 1.347999999999997200e+00
6.796399999999999864e+02 1.321600000000000774e+00
6.800799999999999272e+02 1.296800000000003061e+00
6.805199999999999818e+02 1.279200000000000781e+00
6.809600000000000364e+02 1.261599999999998500e+00
6.813999999999999773e+02 1.244000000000000883e+00
6.818399999999999181e+02 1.226400000000003265e+00
6.822799999999999727e+02 1.208800000000001207e+00
6.827200000000000273e+02 1.191199999999998926e+00
6.831600000000000819e+02 1.173599999999996868e+00
6.836000000000000227e+02 1.155999999999999250e+00
6.840399999999999636e+02 1.138400000000001633e+00
6.844800000000000182e+02 1.120799999999999352e+00
6.849200000000000728e+02 1.103199999999997072e+00
6.853600000000000136e+02 1.092799999999999772e+00
6.857999999999999545e+02 1.084000000000000963e+00
6.862400000000000091e+02 1.075199999999999934e+00
6.866800000000000637e+02 1.066399999999998682e+00
6.871200000000000045e+02 1.057599999999999874e+00
6.875599999999999454e+02 1.048800000000001065e+00
6.880000000000000000e+02 1.040000000000000036e+00
6.884400000000000546e+02 1.031199999999999006e+00
6.888799999999999955e+02 1.022400000000000198e+00
6.893199999999999363e+02 1.013600000000001389e+00
6.897599999999999909e+02 1.004800000000000137e+00
6.902000000000000455e+02 9.959999999999991083e-01
6.906399999999999864e+02 9.872000000000002995e-01
6.910799999999999272e+02 9.784000000000014907e-01
6.915199999999999818e+02 9.696000000000003505e-01
6.919600000000000364e+02 9.607999999999993213e-01
6.923999999999999773e+02 9.520000000000005125e-01
6.928399999999999181e+02 9.432000000000015927e-01
6.932799999999999727e+02 9.344000000000005635e-01
6.937200000000000273e+02 9.255999999999994232e-01
6.941600000000000819e+02 9.167999999999983940e-01
6.946000000000000227e+02 9.079999999999995852e-01
6.950399999999999636e+02 9.000000000000000222e-01
6.954800000000000182e+02 9.000000000000000222e-01
6.959200000000000728e+02 9.000000000000000222e-01
6.963600000000000136e+02 9.000000000000000222e-01
6.967999999999999545e+02 9.000000000000000222e-01
6.972400000000000091e+02 9.000000000000000222e-01
6.976800000000000637e+02 9.000000000000000222e-01
6.981200000000000045e+02 9.000000000000000222e-01
6.985599999999999454e+02 9.000000000000000222e-01
6.990000000000000000e+02 9.000000000000000222e-01
6.994400000000000546e+02 9.000000000000000222e-01
6.998799999999999955e+02 9.000000000000000222e-01
7.003199999999999363e+02 8.680000000000064331e-01
7.007599999999999909e+02 8.240000000000009539e-01
7.012000000000000455e+02 7.799999999999954747e-01
7.016399999999999864e+02 7.360000000000013198e-01
7.020799999999999272e+02 6.920000000000072760e-01
7.025199999999999818e+02 6.480000000000019078e-01
7.029600000000000364e+02 6.039999999999963176e-01
7.033999999999999773e+02 5.600000000000022737e-01
7.038399999999999181e+02 5.160000000000082299e-01
7.042799999999999727e+02 4.720000000000027507e-01
7.047200000000000273e+02 4.279999999999972715e-01
7.051600000000000819e+02 3.871999999999934938e-01
7.056000000000000227e+02 3.519999999999982032e-01
7.060399999999999636e+02 3.168000000000029126e-01
7.064800000000000182e+02 2.815999999999985737e-01
7.069200000000000728e+02 2.463999999999942070e-01
7.073600000000000136e+02 2.111999999999989164e-01
7.077999999999999545e+02 1.760000000000036535e-01
7.082400000000000091e+02 1.407999999999993146e-01
7.086800000000000637e+02 1.055999999999949202e-01
7.091200000000000045e+02 7.039999999999962954e-02
7.095599999999999454e+02 3.520000000000439444e-02
7.100000000000000000e+02 0.000000000000000000e+00
