# #lambda	lambda_abs
2.900000000000000000e+02 0.000000000000000000e+00
2.904300000000000068e+02 2.558500000000040742e-01
2.908600000000000136e+02 5.117000000000081483e-01
2.912900000000000205e+02 7.675500000000121670e-01
2.917200000000000273e+02 1.023400000000016297e+00
2.921499999999999773e+02 1.279249999999986454e+00
2.925799999999999841e+02 1.535099999999990361e+00
2.930099999999999909e+02 1.790949999999994491e+00
2.934399999999999977e+02 2.046799999999998398e+00
2.938700000000000045e+02 2.302650000000002528e+00
2.943000000000000114e+02 2.558500000000006658e+00
2.947300000000000182e+02 2.814350000000010787e+00
2.951600000000000250e+02 3.070200000000014917e+00
2.955899999999999750e+02 3.326049999999984852e+00
2.960199999999999818e+02 3.581899999999988982e+00
2.964499999999999886e+02 3.837749999999993111e+00
2.968799999999999955e+02 4.093599999999996797e+00
2.973100000000000023e+02 4.349450000000000927e+00
2.977400000000000091e+02 4.605300000000005056e+00
2.981700000000000159e+02 4.861150000000009186e+00
2.986000000000000227e+02 5.117000000000013316e+00
2.990299999999999727e+02 5.372849999999983694e+00
2.994599999999999795e+02 5.628699999999987824e+00
2.998899999999999864e+02 5.884549999999991954e+00
3.003199999999999932e+02 6.140399999999996083e+00
3.007500000000000000e+02 6.396249999999999325e+00
3.011800000000000068e+02 6.652100000000003455e+00
3.016100000000000136e+02 6.907950000000007584e+00
3.020400000000000205e+02 7.163800000000011714e+00
3.024700000000000273e+02 7.419650000000015844e+00
3.028999999999999773e+02 7.675499999999986223e+00
3.033299999999999841e+02 7.931349999999990352e+00
3.037599999999999909e+02 8.187199999999993594e+00
3.041899999999999977e+02 8.443049999999997723e+00
3.046200000000000045e+02 8.698900000000001853e+00
3.050500000000000114e+02 8.954750000000005983e+00
3.054800000000000182e+02 9.210600000000010112e+00
3.059100000000000250e+02 9.466450000000014242e+00
3.063399999999999750e+02 9.722299999999984621e+00
3.067699999999999818e+02 9.978149999999988751e+00
3.071999999999999886e+02 1.023399999999999288e+01
3.076299999999999955e+02 1.048984999999999701e+01
3.080600000000000023e+02 1.074570000000000114e+01
3.084900000000000091e+02 1.100155000000000527e+01
3.089200000000000159e+02 1.125740000000000940e+01
3.093500000000000227e+02 1.151325000000001353e+01
3.097799999999999727e+02 1.176909999999998391e+01
3.102099999999999795e+02 1.194724999999999504e+01
3.106399999999999864e+02 1.204399999999999693e+01
3.110699999999999932e+02 1.214074999999999882e+01
3.115000000000000000e+02 1.223750000000000071e+01
3.119300000000000068e+02 1.233425000000000082e+01
3.123600000000000136e+02 1.243100000000000271e+01
3.127900000000000205e+02 1.252775000000000460e+01
3.132200000000000273e+02 1.262450000000000649e+01
3.136499999999999773e+02 1.272124999999999417e+01
3.140799999999999841e+02 1.281799999999999606e+01
3.145099999999999909e+02 1.291474999999999795e+01
3.149399999999999977e+02 1.301149999999999984e+01
3.153700000000000045e+02 1.310825000000000173e+01
3.158000000000000114e+02 1.320500000000000185e+01
3.162300000000000182e+02 1.330175000000000374e+01
3.166600000000000250e+02 1.339850000000000563e+01
3.170899999999999750e+02 1.349524999999999508e+01
3.175199999999999818e+02 1.359199999999999520e+01
3.179499999999999886e+02 1.368874999999999709e+01
3.183799999999999955e+02 1.378549999999999898e+01
3.188100000000000023e+02 1.388225000000000087e+01
3.192400000000000091e+02 1.397900000000000276e+01
3.196700000000000159e+02 1.407575000000000287e+01
3.201000000000000227e+02 1.417250000000000476e+01
3.205299999999999727e+02 1.426924999999999244e+01
3.209599999999999795e+02 1.436599999999999433e+01
3.213899999999999864e+02 1.446274999999999622e+01
3.218199999999999932e+02 1.455949999999999811e+01
3.222500000000000000e+02 1.465625000000000000e+01
3.226800000000000068e+02 1.475300000000000011e+01
3.231100000000000136e+02 1.484975000000000200e+01
3.235400000000000205e+02 1.494650000000000389e+01
3.239700000000000273e+02 1.504325000000000578e+01
3.243999999999999773e+02 1.513999999999999346e+01
3.248299999999999841e+02 1.523674999999999535e+01
3.252599999999999909e+02 1.533349999999999724e+01
3.256899999999999977e+02 1.543024999999999913e+01
3.261200000000000045e+02 1.552700000000000102e+01
3.265500000000000114e+02 1.562375000000000114e+01
3.269800000000000182e+02 1.572050000000000303e+01
3.274099999999999682e+02 1.581724999999999248e+01
3.278399999999999750e+02 1.591399999999999437e+01
3.282699999999999818e+02 1.601074999999999449e+01
3.286999999999999886e+02 1.610749999999999460e+01
3.291299999999999955e+02 1.620424999999999827e+01
3.295600000000000023e+02 1.630099999999999838e+01
3.299900000000000091e+02 1.639775000000000205e+01
3.304200000000000159e+02 1.648820000000000263e+01
3.308500000000000227e+02 1.657850000000000179e+01
3.312799999999999727e+02 1.666879999999999384e+01
3.317099999999999795e+02 1.675909999999999300e+01
3.321399999999999864e+02 1.684939999999999571e+01
3.325699999999999932e+02 1.693969999999999843e+01
3.330000000000000000e+02 1.702999999999999758e+01
3.334300000000000068e+02 1.712030000000000030e+01
3.338600000000000136e+02 1.721060000000000301e+01
3.342900000000000205e+02 1.730090000000000217e+01
3.347200000000000273e+02 1.739120000000000488e+01
3.351499999999999773e+02 1.748149999999999338e+01
3.355799999999999841e+02 1.757179999999999609e+01
3.360099999999999909e+02 1.766209999999999880e+01
3.364399999999999977e+02 1.775239999999999796e+01
3.368700000000000045e+02 1.784270000000000067e+01
3.373000000000000114e+02 1.793300000000000338e+01
3.377300000000000182e+02 1.802330000000000254e+01
3.381599999999999682e+02 1.811359999999999459e+01
3.385899999999999750e+02 1.820389999999999375e+01
3.390199999999999818e+02 1.829419999999999646e+01
3.394499999999999886e+02 1.838449999999999562e+01
3.398799999999999955e+02 1.847479999999999833e+01
3.403100000000000023e+02 1.856510000000000105e+01
3.407400000000000091e+02 1.865540000000000020e+01
3.411700000000000159e+02 1.874570000000000292e+01
3.416000000000000227e+02 1.883600000000000563e+01
3.420299999999999727e+02 1.892629999999999413e+01
3.424599999999999795e+02 1.901659999999999684e+01
3.428899999999999864e+02 1.910689999999999600e+01
3.433199999999999932e+02 1.919719999999999871e+01
3.437500000000000000e+02 1.928750000000000142e+01
3.441800000000000068e+02 1.937780000000000058e+01
3.446100000000000136e+02 1.946810000000000329e+01
3.450400000000000205e+02 1.955840000000000600e+01
3.454700000000000273e+02 1.964870000000000516e+01
3.458999999999999773e+02 1.973899999999999721e+01
3.463299999999999841e+02 1.982929999999999637e+01
3.467599999999999909e+02 1.991959999999999908e+01
3.471899999999999977e+02 2.000990000000000180e+01
3.476200000000000045e+02 2.010020000000000095e+01
3.480500000000000114e+02 2.019050000000000367e+01
3.484800000000000182e+02 2.028080000000000638e+01
3.489099999999999682e+02 2.037109999999999488e+01
3.493399999999999750e+02 2.046139999999999759e+01
3.497699999999999818e+02 2.055169999999999675e+01
3.501999999999999886e+02 2.067119999999999891e+01
3.506299999999999955e+02 2.082427999999999813e+01
3.510600000000000023e+02 2.097736000000000089e+01
3.514900000000000091e+02 2.113044000000000366e+01
3.519200000000000159e+02 2.128352000000000643e+01
3.523500000000000227e+02 2.143660000000000920e+01
3.527799999999999727e+02 2.158967999999999066e+01
3.532099999999999795e+02 2.174275999999999343e+01
3.536399999999999864e+02 2.189583999999999619e+01
3.540699999999999932e+02 2.204891999999999896e+01
3.545000000000000000e+02 2.220200000000000173e+01
3.549300000000000068e+02 2.235508000000000450e+01
3.553600000000000136e+02 2.250816000000000727e+01
3.557899999999999636e+02 2.266123999999998873e+01
3.562200000000000273e+02 2.281432000000000926e+01
3.566499999999999773e+02 2.296739999999999426e+01
3.570799999999999841e+02 2.312047999999999348e+01
3.575099999999999909e+02 2.327355999999999625e+01
3.579399999999999977e+02 2.342663999999999902e+01
3.583700000000000045e+02 2.357972000000000179e+01
3.588000000000000114e+02 2.373280000000000456e+01
3.592300000000000182e+02 2.388588000000000733e+01
3.596599999999999682e+02 2.403895999999998878e+01
3.600900000000000318e+02 2.419204000000001287e+01
3.605199999999999818e+02 2.434511999999999432e+01
3.609499999999999886e+02 2.449819999999999709e+01
3.613799999999999955e+02 2.465127999999999986e+01
3.618100000000000023e+02 2.480436000000000263e+01
3.622400000000000091e+02 2.495744000000000540e+01
3.626700000000000159e+02 2.511052000000000817e+01
3.631000000000000227e+02 2.526360000000000738e+01
3.635299999999999727e+02 2.541667999999999239e+01
3.639599999999999795e+02 2.556975999999999516e+01
3.643899999999999864e+02 2.572283999999999438e+01
3.648199999999999932e+02 2.587591999999999715e+01
3.652500000000000000e+02 2.602899999999999991e+01
3.656800000000000068e+02 2.618208000000000268e+01
3.661100000000000136e+02 2.633516000000000545e+01
3.665399999999999636e+02 2.648823999999998691e+01
3.669700000000000273e+02 2.664132000000001099e+01
3.673999999999999773e+02 2.679439999999999245e+01
3.678299999999999841e+02 2.694747999999999521e+01
3.682599999999999909e+02 2.710055999999999798e+01
3.686899999999999977e+02 2.725363999999999720e+01
3.691200000000000045e+02 2.740671999999999997e+01
3.695500000000000114e+02 2.755980000000000274e+01
3.699800000000000182e+02 2.771288000000000551e+01
3.704099999999999682e+02 2.786595999999998696e+01
3.708400000000000318e+02 2.801904000000001105e+01
3.712699999999999818e+02 2.817211999999999250e+01
3.716999999999999886e+02 2.832519999999999527e+01
3.721299999999999955e+02 2.847827999999999804e+01
3.725600000000000023e+02 2.863136000000000081e+01
3.729900000000000091e+02 2.878444000000000358e+01
3.734200000000000159e+02 2.893752000000000635e+01
3.738500000000000227e+02 2.909060000000000912e+01
3.742799999999999727e+02 2.924367999999999057e+01
3.747099999999999795e+02 2.939675999999999334e+01
3.751399999999999864e+02 2.957189189189188383e+01
3.755699999999999932e+02 2.979270270270269805e+01
3.760000000000000000e+02 3.001351351351351227e+01
3.764300000000000068e+02 3.023432432432432648e+01
3.768600000000000136e+02 3.045513513513514070e+01
3.772899999999999636e+02 3.067594594594592650e+01
3.777200000000000273e+02 3.089675675675676914e+01
3.781499999999999773e+02 3.111756756756755493e+01
3.785799999999999841e+02 3.133837837837836915e+01
3.790099999999999909e+02 3.155918918918918337e+01
3.794399999999999977e+02 3.177999999999999758e+01
3.798700000000000045e+02 3.200081081081081180e+01
3.803000000000000114e+02 3.222162162162162957e+01
3.807300000000000182e+02 3.244243243243244024e+01
3.811599999999999682e+02 3.266324324324322959e+01
3.815900000000000318e+02 3.288405405405406867e+01
3.820199999999999818e+02 3.310486486486485802e+01
3.824499999999999886e+02 3.332567567567566869e+01
3.828799999999999955e+02 3.354648648648648646e+01
3.833100000000000023e+02 3.376729729729729712e+01
3.837400000000000091e+02 3.398810810810811489e+01
3.841700000000000159e+02 3.420891891891892556e+01
3.846000000000000227e+02 3.442972972972974333e+01
3.850299999999999727e+02 3.465054054054052557e+01
3.854599999999999795e+02 3.487135135135134334e+01
3.858899999999999864e+02 3.509216216216215400e+01
3.863199999999999932e+02 3.531297297297297177e+01
3.867500000000000000e+02 3.553378378378378244e+01
3.871800000000000068e+02 3.575459459459460021e+01
3.876100000000000136e+02 3.597540540540541087e+01
3.880399999999999636e+02 3.619621621621620022e+01
3.884700000000000273e+02 3.641702702702703931e+01
3.888999999999999773e+02 3.663783783783782866e+01
3.893299999999999841e+02 3.685864864864863932e+01
3.897599999999999909e+02 3.707945945945945709e+01
3.901899999999999977e+02 3.730027027027026776e+01
3.906200000000000045e+02 3.752108108108108553e+01
3.910500000000000114e+02 3.774189189189189619e+01
3.914800000000000182e+02 3.796270270270271396e+01
3.919099999999999682e+02 3.818351351351349621e+01
3.923400000000000318e+02 3.840432432432434240e+01
3.927699999999999818e+02 3.862513513513512464e+01
3.931999999999999886e+02 3.884594594594594241e+01
3.936299999999999955e+02 3.906675675675675308e+01
3.940600000000000023e+02 3.928756756756757085e+01
3.944900000000000091e+02 3.950837837837838151e+01
3.949200000000000159e+02 3.972918918918919928e+01
3.953500000000000227e+02 3.995000000000000995e+01
3.957799999999999727e+02 4.017081081081079219e+01
3.962099999999999795e+02 4.039162162162160996e+01
3.966399999999999864e+02 4.061243243243242773e+01
3.970699999999999932e+02 4.083324324324323840e+01
3.975000000000000000e+02 4.105405405405404906e+01
3.979300000000000068e+02 4.127486486486486683e+01
3.983600000000000136e+02 4.149567567567568460e+01
3.987899999999999636e+02 4.171648648648646684e+01
3.992200000000000273e+02 4.193729729729731304e+01
3.996499999999999773e+02 4.215810810810809528e+01
4.000799999999999841e+02 4.237891891891891305e+01
4.005099999999999909e+02 4.259972972972972372e+01
4.009399999999999977e+02 4.282054054054053438e+01
4.013700000000000045e+02 4.304135135135135215e+01
4.018000000000000114e+02 4.326216216216216992e+01
4.022300000000000182e+02 4.348297297297298059e+01
4.026599999999999682e+02 4.370378378378376283e+01
4.030900000000000318e+02 4.392459459459460902e+01
4.035199999999999818e+02 4.414540540540539837e+01
4.039499999999999886e+02 4.436621621621620903e+01
4.043799999999999955e+02 4.458702702702701970e+01
4.048100000000000023e+02 4.480783783783783747e+01
4.052400000000000091e+02 4.502864864864865524e+01
4.056700000000000159e+02 4.524945945945946590e+01
4.061000000000000227e+02 4.547027027027028367e+01
4.065299999999999727e+02 4.569108108108106592e+01
4.069599999999999795e+02 4.591189189189188369e+01
4.073899999999999864e+02 4.613270270270269435e+01
4.078199999999999932e+02 4.635351351351350502e+01
4.082500000000000000e+02 4.657432432432432279e+01
4.086800000000000068e+02 4.679513513513514056e+01
4.091100000000000136e+02 4.701594594594595122e+01
4.095399999999999636e+02 4.723675675675673347e+01
4.099700000000000273e+02 4.745756756756757966e+01
4.103999999999999773e+02 4.767837837837836901e+01
4.108299999999999841e+02 4.789918918918917967e+01
4.112599999999999909e+02 4.811999999999999034e+01
4.116899999999999977e+02 4.834081081081080811e+01
4.121200000000000045e+02 4.858142857142857451e+01
4.125500000000000114e+02 4.887321428571429038e+01
4.129800000000000182e+02 4.916500000000001336e+01
4.134099999999999682e+02 4.945678571428569370e+01
4.138400000000000318e+02 4.974857142857145220e+01
4.142699999999999818e+02 5.004035714285713254e+01
4.146999999999999886e+02 5.033214285714284841e+01
4.151299999999999955e+02 5.062392857142857139e+01
4.155600000000000023e+02 5.091571428571428726e+01
4.159900000000000091e+02 5.120750000000000313e+01
4.164200000000000159e+02 5.149928571428572610e+01
4.168500000000000227e+02 5.179107142857144197e+01
4.172799999999999727e+02 5.208285714285712231e+01
4.177099999999999795e+02 5.237464285714284529e+01
4.181399999999999864e+02 5.266642857142856116e+01
4.185699999999999932e+02 5.295821428571428413e+01
4.190000000000000000e+02 5.325000000000000000e+01
4.194300000000000068e+02 5.354178571428572297e+01
4.198600000000000136e+02 5.383357142857143884e+01
4.202899999999999636e+02 5.412535714285711919e+01
4.207200000000000273e+02 5.441714285714287769e+01
4.211499999999999773e+02 5.470892857142855803e+01
4.215799999999999841e+02 5.500071428571427390e+01
4.220099999999999909e+02 5.529249999999999687e+01
4.224399999999999977e+02 5.558428571428571274e+01
4.228700000000000045e+02 5.587607142857143572e+01
4.233000000000000114e+02 5.616785714285715159e+01
4.237300000000000182e+02 5.645964285714286746e+01
4.241599999999999682e+02 5.675142857142854780e+01
4.245900000000000318e+02 5.704321428571430630e+01
4.250199999999999818e+02 5.733499999999998664e+01
4.254499999999999886e+02 5.762678571428570962e+01
4.258799999999999955e+02 5.791857142857142549e+01
4.263100000000000023e+02 5.821035714285714846e+01
4.267400000000000091e+02 5.850214285714286433e+01
4.271699999999999591e+02 5.879392857142854467e+01
4.276000000000000227e+02 5.908571428571430317e+01
4.280299999999999727e+02 5.937749999999998352e+01
4.284600000000000364e+02 5.966928571428574202e+01
4.288899999999999864e+02 5.996107142857142236e+01
4.293199999999999932e+02 6.025285714285713823e+01
4.297500000000000000e+02 6.054464285714286120e+01
4.301800000000000068e+02 6.083642857142857707e+01
4.306100000000000136e+02 6.112821428571429294e+01
4.310399999999999636e+02 6.141999999999997328e+01
4.314700000000000273e+02 6.171178571428573179e+01
4.318999999999999773e+02 6.200357142857141213e+01
4.323299999999999841e+02 6.229535714285713510e+01
4.327599999999999909e+02 6.258714285714285097e+01
4.331899999999999977e+02 6.287892857142857395e+01
4.336200000000000045e+02 6.317071428571428982e+01
4.340500000000000114e+02 6.346250000000000568e+01
4.344800000000000182e+02 6.375428571428572866e+01
4.349099999999999682e+02 6.404607142857140900e+01
4.353400000000000318e+02 6.433785714285716040e+01
4.357699999999999818e+02 6.462964285714284074e+01
4.361999999999999886e+02 6.492142857142856371e+01
4.366299999999999955e+02 6.521321428571428669e+01
4.370600000000000023e+02 6.550499999999999545e+01
4.374900000000000091e+02 6.579678571428571843e+01
4.379199999999999591e+02 6.608857142857139877e+01
4.383500000000000227e+02 6.638035714285716438e+01
4.387799999999999727e+02 6.667214285714284472e+01
4.392100000000000364e+02 6.696392857142859611e+01
4.396399999999999864e+02 6.725571428571427646e+01
4.400699999999999932e+02 6.748300000000000409e+01
4.405000000000000000e+02 6.737857142857143344e+01
4.409300000000000068e+02 6.727414285714284858e+01
4.413600000000000136e+02 6.716971428571427793e+01
4.417899999999999636e+02 6.706528571428572150e+01
4.422200000000000273e+02 6.696085714285713664e+01
4.426499999999999773e+02 6.685642857142858020e+01
4.430799999999999841e+02 6.675200000000000955e+01
4.435099999999999909e+02 6.664757142857142469e+01
4.439399999999999977e+02 6.654314285714285404e+01
4.443700000000000045e+02 6.643871428571428339e+01
4.448000000000000114e+02 6.633428571428571274e+01
4.452300000000000182e+02 6.622985714285714209e+01
4.456599999999999682e+02 6.612542857142858566e+01
4.460900000000000318e+02 6.602099999999998658e+01
4.465199999999999818e+02 6.591657142857143015e+01
4.469499999999999886e+02 6.581214285714285950e+01
4.473799999999999955e+02 6.570771428571428885e+01
4.478100000000000023e+02 6.560328571428571820e+01
4.482400000000000091e+02 6.549885714285714755e+01
4.486699999999999591e+02 6.539442857142857690e+01
4.491000000000000227e+02 6.528999999999999204e+01
4.495299999999999727e+02 6.518557142857143560e+01
4.499600000000000364e+02 6.508114285714285074e+01
4.503899999999999864e+02 6.497671428571429431e+01
4.508199999999999932e+02 6.487228571428570945e+01
4.512500000000000000e+02 6.476785714285713880e+01
4.516800000000000068e+02 6.466342857142856815e+01
4.521100000000000136e+02 6.455899999999999750e+01
4.525399999999999636e+02 6.445457142857144106e+01
4.529700000000000273e+02 6.435014285714285620e+01
4.533999999999999773e+02 6.424571428571428555e+01
4.538299999999999841e+02 6.414128571428571490e+01
4.542599999999999909e+02 6.403685714285714425e+01
4.546899999999999977e+02 6.393242857142857360e+01
4.551200000000000045e+02 6.382799999999999585e+01
4.555500000000000114e+02 6.372357142857142520e+01
4.559800000000000182e+02 6.361914285714285455e+01
4.564099999999999682e+02 6.351471428571429101e+01
4.568400000000000318e+02 6.341028571428570615e+01
4.572699999999999818e+02 6.330585714285714971e+01
4.576999999999999886e+02 6.320142857142857196e+01
4.581299999999999955e+02 6.309700000000000131e+01
4.585600000000000023e+02 6.299257142857143066e+01
4.589900000000000091e+02 6.288814285714285290e+01
4.594199999999999591e+02 6.278371428571429647e+01
4.598500000000000227e+02 6.267928571428571161e+01
4.602799999999999727e+02 6.257485714285714806e+01
4.607100000000000364e+02 6.247042857142856320e+01
4.611399999999999864e+02 6.236599999999999966e+01
4.615699999999999932e+02 6.226157142857142901e+01
4.620000000000000000e+02 6.215714285714285836e+01
4.624300000000000068e+02 6.205271428571428771e+01
4.628600000000000136e+02 6.194828571428570996e+01
4.632899999999999636e+02 6.184385714285715352e+01
4.637200000000000273e+02 6.173942857142856155e+01
4.641499999999999773e+02 6.163500000000000512e+01
4.645799999999999841e+02 6.153057142857143447e+01
4.650099999999999909e+02 6.142614285714285671e+01
4.654399999999999977e+02 6.132171428571428606e+01
4.658700000000000045e+02 6.121728571428571541e+01
4.663000000000000114e+02 6.111285714285713766e+01
4.667300000000000182e+02 6.100842857142856701e+01
4.671599999999999682e+02 6.090400000000001057e+01
4.675900000000000318e+02 6.079957142857141861e+01
4.680199999999999818e+02 6.069514285714286217e+01
4.684499999999999886e+02 6.059071428571429152e+01
4.688799999999999955e+02 6.048628571428571377e+01
4.693100000000000023e+02 6.038185714285714312e+01
4.697400000000000091e+02 6.027742857142857247e+01
4.701699999999999591e+02 6.017300000000000892e+01
4.706000000000000227e+02 6.006857142857142406e+01
4.710299999999999727e+02 5.996414285714286052e+01
4.714600000000000364e+02 5.985971428571427566e+01
4.718899999999999864e+02 5.975528571428571922e+01
4.723199999999999932e+02 5.965085714285714857e+01
4.727500000000000000e+02 5.954642857142857082e+01
4.731800000000000068e+02 5.944200000000000017e+01
4.736100000000000136e+02 5.933757142857142242e+01
4.740399999999999636e+02 5.923314285714286598e+01
4.744700000000000273e+02 5.912871428571428112e+01
4.748999999999999773e+02 5.902428571428571757e+01
4.753299999999999841e+02 5.890100000000000335e+01
4.757599999999999909e+02 5.877200000000000557e+01
4.761899999999999977e+02 5.864300000000000068e+01
4.766200000000000045e+02 5.851399999999999579e+01
4.770499999999999545e+02 5.838500000000001222e+01
4.774800000000000182e+02 5.825599999999999312e+01
4.779099999999999682e+02 5.812700000000000955e+01
4.783400000000000318e+02 5.799799999999999045e+01
4.787699999999999818e+02 5.786900000000000688e+01
4.791999999999999886e+02 5.774000000000000199e+01
4.796299999999999955e+02 5.761100000000000421e+01
4.800600000000000023e+02 5.748199999999999932e+01
4.804900000000000091e+02 5.735299999999999443e+01
4.809199999999999591e+02 5.722400000000001086e+01
4.813500000000000227e+02 5.709499999999999176e+01
4.817799999999999727e+02 5.696600000000000819e+01
4.822100000000000364e+02 5.683699999999998909e+01
4.826399999999999864e+02 5.670800000000000551e+01
4.830699999999999932e+02 5.657900000000000063e+01
4.835000000000000000e+02 5.645000000000000284e+01
4.839300000000000068e+02 5.632099999999999795e+01
4.843600000000000136e+02 5.619200000000000017e+01
4.847899999999999636e+02 5.606300000000000949e+01
4.852200000000000273e+02 5.593399999999999039e+01
4.856499999999999773e+02 5.580500000000000682e+01
4.860799999999999841e+02 5.567600000000000904e+01
4.865099999999999909e+02 5.554700000000000415e+01
4.869399999999999977e+02 5.541799999999999926e+01
4.873700000000000045e+02 5.528900000000000148e+01
4.877999999999999545e+02 5.516000000000001791e+01
4.882300000000000182e+02 5.479681818181816055e+01
4.886599999999999682e+02 5.423000000000004661e+01
4.890900000000000318e+02 5.366318181818177635e+01
4.895199999999999818e+02 5.309636363636366241e+01
4.899499999999999886e+02 5.252954545454547031e+01
4.903799999999999955e+02 5.196272727272727820e+01
4.908100000000000023e+02 5.139590909090908610e+01
4.912400000000000091e+02 5.082909090909090111e+01
4.916699999999999591e+02 5.026227272727278006e+01
4.921000000000000227e+02 4.969545454545451690e+01
4.925299999999999727e+02 4.912863636363640296e+01
4.929600000000000364e+02 4.856181818181813270e+01
4.933899999999999864e+02 4.799500000000001876e+01
4.938199999999999932e+02 4.742818181818182666e+01
4.942500000000000000e+02 4.686136363636363455e+01
4.946800000000000068e+02 4.629454545454544956e+01
4.951100000000000136e+02 4.572772727272725746e+01
4.955399999999999636e+02 4.516090909090914352e+01
4.959700000000000273e+02 4.459409090909087325e+01
4.963999999999999773e+02 4.402727272727275931e+01
4.968299999999999841e+02 4.346045454545456721e+01
4.972599999999999909e+02 4.289363636363637511e+01
4.976899999999999977e+02 4.232681818181818301e+01
4.981200000000000045e+02 4.175999999999999801e+01
4.985499999999999545e+02 4.119318181818188407e+01
4.989800000000000182e+02 4.062636363636361381e+01
4.994099999999999682e+02 4.005954545454549987e+01
4.998400000000000318e+02 3.949272727272723671e+01
5.002699999999999818e+02 3.892590909090911566e+01
5.006999999999999886e+02 3.835909090909092356e+01
5.011299999999999955e+02 3.779227272727273146e+01
5.015600000000000023e+02 3.722545454545454646e+01
5.019900000000000091e+02 3.665863636363635436e+01
5.024199999999999591e+02 3.609181818181824042e+01
5.028500000000000227e+02 3.552499999999997726e+01
5.032799999999999727e+02 3.495818181818185622e+01
5.037100000000000364e+02 3.439136363636359306e+01
5.041399999999999864e+02 3.382454545454547201e+01
5.045699999999999932e+02 3.325772727272727991e+01
5.050000000000000000e+02 3.269090909090909491e+01
5.054300000000000068e+02 3.212409090909090281e+01
5.058600000000000136e+02 3.155727272727271071e+01
5.062899999999999636e+02 3.099045454545459677e+01
5.067200000000000273e+02 3.042363636363633006e+01
5.071499999999999773e+02 2.985681818181821612e+01
5.075799999999999841e+02 2.929000000000002402e+01
5.080099999999999909e+02 2.872318181818183191e+01
5.084399999999999977e+02 2.815636363636364337e+01
5.088700000000000045e+02 2.758954545454545126e+01
5.092999999999999545e+02 2.702272727272733377e+01
5.097300000000000182e+02 2.645590909090907061e+01
5.101599999999999682e+02 2.605490909090910279e+01
5.105900000000000318e+02 2.593372727272726408e+01
5.110199999999999818e+02 2.581254545454546090e+01
5.114499999999999886e+02 2.569136363636363996e+01
5.118799999999999955e+02 2.557018181818181901e+01
5.123099999999999454e+02 2.544900000000001583e+01
5.127400000000000091e+02 2.532781818181818068e+01
5.131699999999999591e+02 2.520663636363637750e+01
5.136000000000000227e+02 2.508545454545453879e+01
5.140299999999999727e+02 2.496427272727273561e+01
5.144600000000000364e+02 2.484309090909090045e+01
5.148899999999999864e+02 2.472190909090909372e+01
5.153199999999999363e+02 2.460072727272729054e+01
5.157500000000000000e+02 2.447954545454545539e+01
5.161800000000000637e+02 2.435836363636362023e+01
5.166100000000000136e+02 2.423718181818181350e+01
5.170399999999999636e+02 2.411600000000001032e+01
5.174700000000000273e+02 2.399481818181817516e+01
5.178999999999999773e+02 2.387363636363637198e+01
5.183299999999999272e+02 2.375245454545456525e+01
5.187599999999999909e+02 2.363127272727273009e+01
5.191900000000000546e+02 2.351009090909089494e+01
5.196200000000000045e+02 2.338890909090908821e+01
5.200499999999999545e+02 2.326772727272728503e+01
5.204800000000000182e+02 2.314654545454544987e+01
5.209099999999999682e+02 2.302536363636364314e+01
5.213400000000000318e+02 2.290418181818180798e+01
5.217699999999999818e+02 2.278300000000000480e+01
5.222000000000000455e+02 2.266181818181816965e+01
5.226299999999999955e+02 2.254063636363636292e+01
5.230599999999999454e+02 2.241945454545455974e+01
5.234900000000000091e+02 2.229827272727272458e+01
5.239199999999999591e+02 2.217709090909092140e+01
5.243500000000000227e+02 2.205590909090908269e+01
5.247799999999999727e+02 2.193472727272727951e+01
5.252100000000000364e+02 2.181354545454544436e+01
5.256399999999999864e+02 2.169236363636363762e+01
5.260699999999999363e+02 2.157118181818183444e+01
5.265000000000000000e+02 2.144999999999999929e+01
5.269300000000000637e+02 2.132881818181816413e+01
5.273600000000000136e+02 2.120763636363635740e+01
5.277899999999999636e+02 2.108645454545455422e+01
5.282200000000000273e+02 2.096527272727271907e+01
5.286499999999999773e+02 2.084409090909091589e+01
5.290799999999999272e+02 2.072290909090910915e+01
5.295099999999999909e+02 2.060172727272727400e+01
5.299400000000000546e+02 2.048054545454543884e+01
5.303700000000000045e+02 2.035936363636363211e+01
5.307999999999999545e+02 2.023818181818182893e+01
5.312300000000000182e+02 2.011699999999999378e+01
5.316599999999999682e+02 1.999581818181818704e+01
5.320900000000000318e+02 1.987965217391303341e+01
5.325199999999999818e+02 1.978243478260869992e+01
5.329500000000000455e+02 1.968521739130433446e+01
5.333799999999999955e+02 1.958800000000000097e+01
5.338099999999999454e+02 1.949078260869566392e+01
5.342400000000000091e+02 1.939356521739130201e+01
5.346699999999999591e+02 1.929634782608696497e+01
5.351000000000000227e+02 1.919913043478260306e+01
5.355299999999999727e+02 1.910191304347826602e+01
5.359600000000000364e+02 1.900469565217390411e+01
5.363899999999999864e+02 1.890747826086956707e+01
5.368199999999999363e+02 1.881026086956523002e+01
5.372500000000000000e+02 1.871304347826086811e+01
5.376800000000000637e+02 1.861582608695650620e+01
5.381100000000000136e+02 1.851860869565216916e+01
5.385399999999999636e+02 1.842139130434783212e+01
5.389700000000000273e+02 1.832417391304347021e+01
5.393999999999999773e+02 1.822695652173913317e+01
5.398299999999999272e+02 1.812973913043479968e+01
5.402599999999999909e+02 1.803252173913043421e+01
5.406900000000000546e+02 1.793530434782607230e+01
5.411200000000000045e+02 1.783808695652173526e+01
5.415499999999999545e+02 1.774086956521740177e+01
5.419800000000000182e+02 1.764365217391303986e+01
5.424099999999999682e+02 1.754643478260870282e+01
5.428400000000000318e+02 1.744921739130434091e+01
5.432699999999999818e+02 1.735200000000000387e+01
5.437000000000000455e+02 1.725478260869564195e+01
5.441299999999999955e+02 1.715756521739130491e+01
5.445599999999999454e+02 1.706034782608696787e+01
5.449900000000000091e+02 1.696313043478260596e+01
5.454199999999999591e+02 1.686591304347826892e+01
5.458500000000000227e+02 1.676869565217390701e+01
5.462799999999999727e+02 1.667147826086956997e+01
5.467100000000000364e+02 1.657426086956520805e+01
5.471399999999999864e+02 1.647704347826087101e+01
5.475699999999999363e+02 1.637982608695653397e+01
5.480000000000000000e+02 1.628260869565217206e+01
5.484300000000000637e+02 1.618539130434781015e+01
5.488600000000000136e+02 1.608817391304347311e+01
5.492899999999999636e+02 1.599095652173913784e+01
5.497200000000000273e+02 1.589373913043477593e+01
5.501499999999999773e+02 1.579652173913043889e+01
5.505799999999999272e+02 1.569930434782610362e+01
5.510099999999999909e+02 1.560208695652173994e+01
5.514400000000000546e+02 1.550486956521737802e+01
5.518700000000000045e+02 1.540765217391304276e+01
5.522999999999999545e+02 1.531043478260870572e+01
5.527300000000000182e+02 1.521321739130434381e+01
5.531599999999999682e+02 1.511600000000000676e+01
5.535899999999999181e+02 1.501878260869566972e+01
5.540199999999999818e+02 1.492156521739130781e+01
5.544500000000000455e+02 1.482434782608694590e+01
5.548799999999999955e+02 1.472713043478260886e+01
5.553099999999999454e+02 1.466116842105263807e+01
5.557400000000000091e+02 1.460730526315789213e+01
5.561700000000000728e+02 1.455344210526314797e+01
5.566000000000000227e+02 1.449957894736841801e+01
5.570299999999999727e+02 1.444571578947368629e+01
5.574600000000000364e+02 1.439185263157894212e+01
5.578899999999999864e+02 1.433798947368421217e+01
5.583199999999999363e+02 1.428412631578948044e+01
5.587500000000000000e+02 1.423026315789473628e+01
5.591800000000000637e+02 1.417639999999999212e+01
5.596100000000000136e+02 1.412253684210526039e+01
5.600399999999999636e+02 1.406867368421053044e+01
5.604700000000000273e+02 1.401481052631578450e+01
5.608999999999999773e+02 1.396094736842105455e+01
5.613299999999999272e+02 1.390708421052632460e+01
5.617599999999999909e+02 1.385322105263157866e+01
5.621900000000000546e+02 1.379935789473683450e+01
5.626200000000000045e+02 1.374549473684210454e+01
5.630499999999999545e+02 1.369163157894737282e+01
5.634800000000000182e+02 1.363776842105262865e+01
5.639099999999999682e+02 1.358390526315789870e+01
5.643399999999999181e+02 1.353004210526316697e+01
5.647699999999999818e+02 1.347617894736842281e+01
5.652000000000000455e+02 1.342231578947367865e+01
5.656299999999999955e+02 1.336845263157894692e+01
5.660599999999999454e+02 1.331458947368421697e+01
5.664900000000000091e+02 1.326072631578947281e+01
5.669200000000000728e+02 1.320686315789472687e+01
5.673500000000000227e+02 1.315299999999999692e+01
5.677799999999999727e+02 1.309913684210526696e+01
5.682100000000000364e+02 1.304527368421052103e+01
5.686399999999999864e+02 1.299141052631579107e+01
5.690699999999999363e+02 1.293754736842105935e+01
5.695000000000000000e+02 1.288368421052631518e+01
5.699300000000000637e+02 1.282982105263157102e+01
5.703600000000000136e+02 1.277595789473683929e+01
5.707899999999999636e+02 1.272209473684210934e+01
5.712200000000000273e+02 1.266823157894736518e+01
5.716499999999999773e+02 1.261436842105263345e+01
5.720799999999999272e+02 1.256050526315790350e+01
5.725099999999999909e+02 1.250664210526315756e+01
5.729400000000000546e+02 1.245277894736841340e+01
5.733700000000000045e+02 1.239891578947368345e+01
5.737999999999999545e+02 1.234505263157895172e+01
5.742300000000000182e+02 1.229118947368420756e+01
5.746599999999999682e+02 1.223732631578947760e+01
5.750899999999999181e+02 1.218346315789474588e+01
5.755199999999999818e+02 1.212960000000000171e+01
5.759500000000000455e+02 1.207573684210525755e+01
5.763799999999999955e+02 1.202187368421052582e+01
5.768099999999999454e+02 1.196801052631579587e+01
5.772400000000000091e+02 1.191414736842105171e+01
5.776700000000000728e+02 1.186028421052630577e+01
5.781000000000000227e+02 1.180642105263157582e+01
5.785299999999999727e+02 1.175255789473684587e+01
5.789600000000000364e+02 1.169869473684209993e+01
5.793899999999999864e+02 1.164483157894736998e+01
5.798199999999999363e+02 1.159096842105264002e+01
5.802500000000000000e+02 1.153710526315789409e+01
5.806800000000000637e+02 1.148324210526314992e+01
5.811100000000000136e+02 1.142937894736841997e+01
5.815399999999999636e+02 1.137551578947368824e+01
5.819700000000000273e+02 1.132165263157894408e+01
5.823999999999999773e+02 1.126778947368421413e+01
5.828299999999999272e+02 1.121392631578948240e+01
5.832599999999999909e+02 1.116006315789473824e+01
5.836900000000000546e+02 1.110619999999999230e+01
5.841200000000000045e+02 1.105233684210526235e+01
5.845499999999999545e+02 1.099847368421053240e+01
5.849800000000000182e+02 1.094461052631578646e+01
5.854099999999999682e+02 1.089074736842105651e+01
5.858399999999999181e+02 1.083688421052632478e+01
5.862699999999999818e+02 1.078302105263158062e+01
5.867000000000000455e+02 1.072915789473683645e+01
5.871299999999999955e+02 1.067529473684210473e+01
5.875599999999999454e+02 1.062143157894737477e+01
5.879900000000000091e+02 1.056756842105263061e+01
5.884200000000000728e+02 1.051370526315788467e+01
5.888500000000000227e+02 1.045984210526315472e+01
5.892799999999999727e+02 1.040597894736842477e+01
5.897100000000000364e+02 1.035211578947367883e+01
5.901399999999999864e+02 1.029825263157894888e+01
5.905699999999999363e+02 1.024438947368421893e+01
5.910000000000000000e+02 1.019052631578947299e+01
5.914300000000000637e+02 1.013666315789472883e+01
5.918600000000000136e+02 1.008279999999999887e+01
5.922899999999999636e+02 1.002893684210526715e+01
5.927200000000000273e+02 9.975073684210522984e+00
5.931499999999999773e+02 9.921210526315793032e+00
5.935799999999999272e+02 9.867347368421061304e+00
5.940099999999999909e+02 9.813484210526317142e+00
5.944400000000000546e+02 9.759621052631572979e+00
5.948700000000000045e+02 9.705757894736841251e+00
5.952999999999999545e+02 9.651894736842111300e+00
5.957300000000000182e+02 9.598031578947367137e+00
5.961599999999999682e+02 9.544168421052635409e+00
5.965899999999999181e+02 9.490305263157903681e+00
5.970199999999999818e+02 9.436442105263161295e+00
5.974500000000000455e+02 9.382578947368415356e+00
5.978799999999999955e+02 9.328715789473683628e+00
5.983099999999999454e+02 9.274852631578955453e+00
5.987400000000000091e+02 9.220989473684209514e+00
5.991700000000000728e+02 9.167126315789463575e+00
5.996000000000000227e+02 9.113263157894733624e+00
6.000299999999999727e+02 9.059400000000003672e+00
6.004600000000000364e+02 9.005536842105257733e+00
6.008899999999999864e+02 8.951673684210527782e+00
6.013199999999999363e+02 8.897810526315797830e+00
6.017500000000000000e+02 8.843947368421051891e+00
6.021800000000000637e+02 8.790084210526307729e+00
6.026100000000000136e+02 8.736221052631577777e+00
6.030399999999999636e+02 8.682357894736846049e+00
6.034700000000000273e+02 8.628494736842101887e+00
6.038999999999999773e+02 8.574631578947371935e+00
6.043299999999999272e+02 8.520768421052640207e+00
6.047599999999999909e+02 8.466905263157896044e+00
6.051900000000000546e+02 8.413042105263151882e+00
6.056200000000000045e+02 8.359178947368420154e+00
6.060499999999999545e+02 8.305315789473690202e+00
6.064800000000000182e+02 8.251452631578946040e+00
6.069099999999999682e+02 8.197589473684214312e+00
6.073399999999999181e+02 8.143726315789484360e+00
6.077699999999999818e+02 8.089863157894740198e+00
6.082000000000000455e+02 8.035999999999994259e+00
6.086299999999999955e+02 7.982136842105264307e+00
6.090599999999999454e+02 7.928273684210533467e+00
6.094900000000000091e+02 7.874410526315788417e+00
6.099200000000000728e+02 7.820547368421043366e+00
6.103500000000000227e+02 7.766684210526313414e+00
6.107799999999999727e+02 7.712821052631582575e+00
6.112100000000000364e+02 7.658957894736837524e+00
6.116399999999999864e+02 7.605094736842107572e+00
6.120699999999999363e+02 7.551231578947376732e+00
6.125000000000000000e+02 7.497368421052631682e+00
6.129300000000000637e+02 7.443505263157886631e+00
6.133600000000000136e+02 7.389642105263156679e+00
6.137899999999999636e+02 7.335778947368425840e+00
6.142200000000000273e+02 7.281915789473680789e+00
6.146499999999999773e+02 7.228052631578950837e+00
6.150799999999999272e+02 7.174189473684219998e+00
6.155099999999999909e+02 7.120326315789474947e+00
6.159400000000000546e+02 7.066463157894729896e+00
6.163700000000000045e+02 7.012599999999999945e+00
6.167999999999999545e+02 6.958736842105269105e+00
6.172300000000000182e+02 6.904873684210524054e+00
6.176599999999999682e+02 6.851010526315794102e+00
6.180899999999999181e+02 6.797147368421063263e+00
6.185199999999999818e+02 6.743284210526318212e+00
6.189500000000000455e+02 6.689421052631573161e+00
6.193799999999999955e+02 6.635557894736843210e+00
6.198099999999999454e+02 6.581694736842113258e+00
6.202400000000000091e+02 6.527831578947367319e+00
6.206700000000000728e+02 6.473968421052623157e+00
6.211000000000000227e+02 6.420105263157891429e+00
6.215299999999999727e+02 6.366242105263161477e+00
6.219600000000000364e+02 6.312378947368417315e+00
6.223899999999999864e+02 6.258515789473685587e+00
6.228199999999999363e+02 6.204652631578955635e+00
6.232500000000000000e+02 6.150789473684211472e+00
6.236800000000000637e+02 6.096926315789465534e+00
6.241100000000000136e+02 6.043063157894735582e+00
6.245399999999999636e+02 5.989200000000005630e+00
6.249700000000000273e+02 5.935336842105259691e+00
6.253999999999999773e+02 5.881473684210529740e+00
6.258299999999999272e+02 5.827610526315799788e+00
6.262599999999999909e+02 5.773747368421053849e+00
6.266900000000000546e+02 5.719884210526309687e+00
6.271200000000000045e+02 5.666021052631577959e+00
6.275499999999999545e+02 5.612157894736848007e+00
6.279800000000000182e+02 5.558294736842103845e+00
6.284099999999999682e+02 5.504431578947372117e+00
6.288399999999999181e+02 5.450568421052642165e+00
6.292699999999999818e+02 5.396705263157898003e+00
6.297000000000000455e+02 5.342842105263152064e+00
6.301299999999999955e+02 5.288978947368422112e+00
6.305599999999999454e+02 5.235115789473692161e+00
6.309900000000000091e+02 5.181252631578946222e+00
6.314200000000000728e+02 5.127389473684202059e+00
6.318500000000000227e+02 5.073526315789472108e+00
6.322799999999999727e+02 5.019663157894740380e+00
6.327100000000000364e+02 4.965799999999996217e+00
6.331399999999999864e+02 4.911936842105266265e+00
6.335699999999999363e+02 4.858073684210534537e+00
6.340000000000000000e+02 4.804210526315790375e+00
6.344300000000000637e+02 4.750347368421044436e+00
6.348600000000000136e+02 4.696484210526314484e+00
6.352899999999999636e+02 4.642621052631584533e+00
6.357200000000000273e+02 4.588757894736838594e+00
6.361499999999999773e+02 4.534894736842108642e+00
6.365799999999999272e+02 4.481031578947378691e+00
6.370099999999999909e+02 4.427168421052632752e+00
6.374400000000000546e+02 4.373305263157888589e+00
6.378700000000000045e+02 4.319442105263158638e+00
6.382999999999999545e+02 4.265578947368426910e+00
6.387300000000000182e+02 4.211715789473682747e+00
6.391599999999999682e+02 4.157852631578952796e+00
6.395899999999999181e+02 4.103989473684221068e+00
6.400199999999999818e+02 4.050126315789476905e+00
6.404500000000000455e+02 3.996263157894730966e+00
6.408799999999999955e+02 3.942400000000001015e+00
6.413099999999999454e+02 3.888536842105271063e+00
6.417400000000000091e+02 3.834673684210525124e+00
6.421700000000000728e+02 3.780810526315780962e+00
6.426000000000000227e+02 3.726947368421051010e+00
6.430299999999999727e+02 3.673084210526319282e+00
6.434600000000000364e+02 3.619221052631575120e+00
6.438899999999999864e+02 3.565357894736845168e+00
6.443199999999999363e+02 3.511494736842113440e+00
6.447500000000000000e+02 3.457631578947369277e+00
6.451800000000000637e+02 3.403768421052625115e+00
6.456100000000000136e+02 3.349905263157893387e+00
6.460399999999999636e+02 3.296042105263163435e+00
6.464700000000000273e+02 3.242178947368417496e+00
6.468999999999999773e+02 3.188315789473687545e+00
6.473299999999999272e+02 3.134452631578957593e+00
6.477599999999999909e+02 3.080589473684211654e+00
6.481900000000000546e+02 3.026726315789467492e+00
6.486200000000000045e+02 2.972863157894737540e+00
6.490499999999999545e+02 2.919000000000005812e+00
6.494800000000000182e+02 2.865136842105261650e+00
6.499099999999999682e+02 2.811273684210531698e+00
6.503399999999999181e+02 2.793461538461539995e+00
6.507699999999999818e+02 2.785192307692307967e+00
6.512000000000000455e+02 2.776923076923075939e+00
6.516299999999999955e+02 2.768653846153846132e+00
6.520599999999999454e+02 2.760384615384616325e+00
6.524900000000000091e+02 2.752115384615384297e+00
6.529200000000000728e+02 2.743846153846152269e+00
6.533500000000000227e+02 2.735576923076922462e+00
6.537799999999999727e+02 2.727307692307692655e+00
6.542100000000000364e+02 2.719038461538460627e+00
6.546399999999999864e+02 2.710769230769230820e+00
6.550699999999999363e+02 2.702500000000001013e+00
6.555000000000000000e+02 2.694230769230768985e+00
6.559300000000000637e+02 2.685961538461536957e+00
6.563600000000000136e+02 2.677692307692307150e+00
6.567899999999999636e+02 2.669423076923077343e+00
6.572200000000000273e+02 2.661153846153845315e+00
6.576499999999999773e+02 2.652884615384615508e+00
6.580799999999999272e+02 2.644615384615385700e+00
6.585099999999999909e+02 2.636346153846153673e+00
6.589400000000000546e+02 2.628076923076921645e+00
6.593700000000000045e+02 2.619807692307691838e+00
6.597999999999999545e+02 2.611538461538462030e+00
6.602300000000000182e+02 2.603269230769230447e+00
6.606599999999999682e+02 2.595000000000000639e+00
6.610899999999999181e+02 2.586730769230770832e+00
6.615199999999999818e+02 2.578461538461538805e+00
6.619500000000000455e+02 2.570192307692306777e+00
6.623799999999999955e+02 2.561923076923076970e+00
6.628099999999999454e+02 2.553653846153847162e+00
6.632400000000000091e+02 2.545384615384615135e+00
6.636700000000000728e+02 2.537115384615383107e+00
6.640999999999999091e+02 2.528846153846155520e+00
6.645299999999999727e+02 2.520576923076923492e+00
6.649600000000000364e+02 2.512307692307691465e+00
6.653899999999999864e+02 2.504038461538461657e+00
6.658199999999999363e+02 2.495769230769231850e+00
6.662500000000000000e+02 2.487499999999999822e+00
6.666800000000000637e+02 2.479230769230767795e+00
6.671100000000000136e+02 2.470961538461537987e+00
6.675399999999999636e+02 2.462692307692308180e+00
6.679700000000000273e+02 2.454423076923076152e+00
6.683999999999999773e+02 2.446153846153846345e+00
6.688299999999999272e+02 2.437884615384616538e+00
6.692599999999999909e+02 2.429615384615384510e+00
6.696900000000000546e+02 2.421346153846152482e+00
6.701200000000000045e+02 2.413076923076922675e+00
6.705499999999999545e+02 2.404807692307692868e+00
6.709800000000000182e+02 2.396538461538460840e+00
6.714099999999999682e+02 2.388269230769231033e+00
6.718399999999999181e+02 2.380000000000001226e+00
6.722699999999999818e+02 2.371730769230769198e+00
6.727000000000000455e+02 2.363461538461537614e+00
6.731299999999999955e+02 2.355192307692307807e+00
6.735599999999999454e+02 2.346923076923078000e+00
6.739900000000000091e+02 2.338653846153845528e+00
6.744200000000000728e+02 2.330384615384613944e+00
6.748499999999999091e+02 2.322115384615385913e+00
6.752799999999999727e+02 2.313846153846154330e+00
6.757100000000000364e+02 2.305576923076922302e+00
6.761399999999999864e+02 2.295333333333333670e+00
6.765699999999999363e+02 2.281000000000001915e+00
6.770000000000000000e+02 2.266666666666666607e+00
6.774300000000000637e+02 2.252333333333330856e+00
6.778600000000000136e+02 2.237999999999999545e+00
6.782899999999999636e+02 2.223666666666667791e+00
6.787200000000000273e+02 2.209333333333332483e+00
6.791499999999999773e+02 2.195000000000000728e+00
6.795799999999999272e+02 2.180666666666668974e+00
6.800099999999999909e+02 2.166333333333333666e+00
6.804400000000000546e+02 2.151999999999997915e+00
6.808700000000000045e+02 2.137666666666666160e+00
6.812999999999999545e+02 2.123333333333334849e+00
6.817300000000000182e+02 2.108999999999999098e+00
6.821599999999999682e+02 2.094666666666667787e+00
6.825899999999999181e+02 2.080333333333336032e+00
6.830199999999999818e+02 2.066000000000000281e+00
6.834500000000000455e+02 2.051666666666664973e+00
6.838799999999999955e+02 2.037333333333333218e+00
6.843099999999999454e+02 2.023000000000001464e+00
6.847400000000000091e+02 2.008666666666666156e+00
6.851700000000000728e+02 1.994333333333330849e+00
6.855999999999999091e+02 1.980000000000002869e+00
6.860299999999999727e+02 1.965666666666667339e+00
6.864600000000000364e+02 1.951333333333332032e+00
6.868899999999999864e+02 1.937000000000000277e+00
6.873199999999999363e+02 1.922666666666668744e+00
6.877500000000000000e+02 1.908333333333333215e+00
6.881800000000000637e+02 1.893999999999997907e+00
6.886100000000000136e+02 1.879666666666666153e+00
6.890399999999999636e+02 1.865333333333334398e+00
6.894700000000000273e+02 1.850999999999999091e+00
6.898999999999999773e+02 1.836666666666667336e+00
6.903299999999999272e+02 1.822333333333335581e+00
6.907599999999999909e+02 1.808000000000000274e+00
6.911900000000000546e+02 1.793666666666664744e+00
6.916200000000000045e+02 1.779333333333333211e+00
6.920499999999999545e+02 1.765000000000001457e+00
6.924800000000000182e+02 1.750666666666666149e+00
6.929099999999999682e+02 1.736333333333334394e+00
6.933399999999999181e+02 1.722000000000002640e+00
6.937699999999999818e+02 1.707666666666667332e+00
6.942000000000000455e+02 1.693333333333331803e+00
6.946299999999999955e+02 1.679000000000000270e+00
6.950599999999999454e+02 1.664666666666668515e+00
6.954900000000000091e+02 1.650333333333332986e+00
6.959200000000000728e+02 1.635999999999997456e+00
6.963499999999999091e+02 1.621666666666669698e+00
6.967799999999999727e+02 1.607333333333334169e+00
6.972100000000000364e+02 1.592999999999998639e+00
6.976399999999999864e+02 1.578666666666667107e+00
6.980699999999999363e+02 1.564333333333335574e+00
6.985000000000000000e+02 1.550000000000000044e+00
6.989300000000000637e+02 1.535666666666664515e+00
6.993600000000000136e+02 1.521333333333332760e+00
6.997899999999999636e+02 1.507000000000001227e+00
7.002200000000000273e+02 1.492666666666665698e+00
7.006499999999999773e+02 1.478333333333333943e+00
7.010799999999999272e+02 1.464000000000002411e+00
7.015099999999999909e+02 1.449666666666666881e+00
7.019400000000000546e+02 1.435333333333331574e+00
7.023700000000000045e+02 1.420999999999999819e+00
7.027999999999999545e+02 1.406666666666668064e+00
7.032300000000000182e+02 1.392333333333332757e+00
7.036599999999999682e+02 1.378000000000001002e+00
7.040899999999999181e+02 1.363666666666669469e+00
7.045199999999999818e+02 1.349333333333333940e+00
7.049500000000000455e+02 1.334999999999998632e+00
7.053799999999999955e+02 1.320666666666666877e+00
7.058099999999999454e+02 1.306333333333335123e+00
7.062400000000000091e+02 1.291999999999999815e+00
7.066700000000000728e+02 1.277666666666664286e+00
7.070999999999999091e+02 1.263333333333336528e+00
7.075299999999999727e+02 1.249000000000000998e+00
7.079600000000000364e+02 1.234666666666665469e+00
7.083899999999999864e+02 1.220333333333333936e+00
7.088199999999999363e+02 1.206000000000002181e+00
7.092500000000000000e+02 1.191666666666666652e+00
7.096800000000000637e+02 1.177333333333331344e+00
7.101100000000000136e+02 1.162999999999999590e+00
7.105399999999999636e+02 1.148666666666668057e+00
7.109700000000000273e+02 1.134333333333332527e+00
7.113999999999999773e+02 1.120000000000000773e+00
7.118299999999999272e+02 1.105666666666669240e+00
7.122599999999999909e+02 1.091333333333333711e+00
7.126900000000000546e+02 1.076999999999998181e+00
7.131200000000000045e+02 1.062666666666666648e+00
7.135499999999999545e+02 1.048333333333334894e+00
7.139800000000000182e+02 1.033999999999999586e+00
7.144099999999999682e+02 1.019666666666667831e+00
7.148399999999999181e+02 1.005333333333336077e+00
7.152699999999999818e+02 9.460000000000036158e-01
7.157000000000000455e+02 8.599999999999908828e-01
7.161299999999999955e+02 7.740000000000009095e-01
7.165599999999999454e+02 6.880000000000108251e-01
7.169900000000000091e+02 6.019999999999980922e-01
7.174200000000000728e+02 5.159999999999853593e-01
7.178499999999999091e+02 4.300000000000181455e-01
7.182799999999999727e+02 3.440000000000054126e-01
7.187100000000000364e+02 2.579999999999926796e-01
7.191399999999999864e+02 1.720000000000027063e-01
7.195699999999999363e+02 8.600000000001273293e-02
7.200000000000000000e+02 0.000000000000000000e+00
