# #lambda	lambda_scatt
3.000000000000000000e+02 4.863207898064191426e+01
3.003999999999999773e+02 4.891282039578976537e+01
3.008000000000000114e+02 4.919480565191078369e+01
3.011999999999999886e+02 4.947803859487213884e+01
3.016000000000000227e+02 4.976252307729788527e+01
3.020000000000000000e+02 5.004826295857139939e+01
3.023999999999999773e+02 5.033526210483858421e+01
3.028000000000000114e+02 5.062352438901062612e+01
3.031999999999999886e+02 5.091305369076671639e+01
3.036000000000000227e+02 5.120385389655718456e+01
3.040000000000000000e+02 5.149592889960607778e+01
3.043999999999999773e+02 5.178928259991426586e+01
3.048000000000000114e+02 5.208391890426221948e+01
3.051999999999999886e+02 5.237984172621266765e+01
3.056000000000000227e+02 5.267705498611381643e+01
3.060000000000000000e+02 5.297556261110180031e+01
3.063999999999999773e+02 5.327536853510387260e+01
3.068000000000000114e+02 5.357647669884109831e+01
3.071999999999999886e+02 5.387889104983104005e+01
3.076000000000000227e+02 5.418261554239096256e+01
3.080000000000000000e+02 5.448765413764024856e+01
3.083999999999999773e+02 5.479401080350358910e+01
3.088000000000000114e+02 5.510168951471363386e+01
3.091999999999999886e+02 5.541069425281381200e+01
3.096000000000000227e+02 5.572102900616129517e+01
3.100000000000000000e+02 5.603269776992952700e+01
3.103999999999999773e+02 5.634570454611143475e+01
3.108000000000000114e+02 5.666005334352200862e+01
3.111999999999999886e+02 5.697574817780103729e+01
3.116000000000000227e+02 5.729279307141622013e+01
3.120000000000000000e+02 5.761119205366562568e+01
3.123999999999999773e+02 5.793094916068081801e+01
3.128000000000000114e+02 5.825206843542952129e+01
3.131999999999999886e+02 5.857455392771827007e+01
3.136000000000000227e+02 5.889840969419554995e+01
3.140000000000000000e+02 5.922363979835422754e+01
3.143999999999999773e+02 5.955024831053467693e+01
3.148000000000000114e+02 5.987823930792742289e+01
3.151999999999999886e+02 6.020761687457574851e+01
3.156000000000000227e+02 6.053838510137893536e+01
3.160000000000000000e+02 6.087054808609451584e+01
3.163999999999999773e+02 6.120410993334152039e+01
3.168000000000000114e+02 6.153907475460304966e+01
3.171999999999999886e+02 6.187544666822890349e+01
3.176000000000000227e+02 6.221322979943868603e+01
3.180000000000000000e+02 6.255242828032436364e+01
3.183999999999999773e+02 6.289304624985309289e+01
3.188000000000000114e+02 6.323508785387002007e+01
3.191999999999999886e+02 6.357855724510087470e+01
3.196000000000000227e+02 6.392345858315508167e+01
3.200000000000000000e+02 6.426979603452811318e+01
3.203999999999999773e+02 6.461757377260458668e+01
3.208000000000000114e+02 6.496679597766092229e+01
3.211999999999999886e+02 6.531746683686785104e+01
3.216000000000000227e+02 6.566959054429366915e+01
3.220000000000000000e+02 6.602317130090642650e+01
3.223999999999999773e+02 6.637821331457712404e+01
3.228000000000000114e+02 6.673472080008231444e+01
3.231999999999999886e+02 6.709269797910661737e+01
3.236000000000000227e+02 6.745214908024590272e+01
3.240000000000000000e+02 6.781307833900957860e+01
3.243999999999999773e+02 6.817548999782364660e+01
3.248000000000000114e+02 6.853938830603341614e+01
3.251999999999999886e+02 6.890477751990589184e+01
3.256000000000000227e+02 6.927166190263305623e+01
3.260000000000000000e+02 6.964004572433401563e+01
3.263999999999999773e+02 7.000993326205824019e+01
3.268000000000000114e+02 7.038132879978800815e+01
3.271999999999999886e+02 7.075423662844104911e+01
3.276000000000000227e+02 7.112866104587351401e+01
3.280000000000000000e+02 7.150460635688256161e+01
3.283999999999999773e+02 7.188207687320904427e+01
3.288000000000000114e+02 7.226107691354032170e+01
3.291999999999999886e+02 7.264161080351274791e+01
3.296000000000000227e+02 7.302368287571474070e+01
3.300000000000000000e+02 7.340729746968906966e+01
3.303999999999999773e+02 7.379245893193591144e+01
3.308000000000000114e+02 7.417917161591545039e+01
3.311999999999999886e+02 7.456743988205036544e+01
3.316000000000000227e+02 7.495726809772885701e+01
3.320000000000000000e+02 7.534866063730704866e+01
3.323999999999999773e+02 7.574162188211190028e+01
3.328000000000000114e+02 7.613615622044387976e+01
3.331999999999999886e+02 7.653226804757933621e+01
3.336000000000000227e+02 7.692996176577374001e+01
3.340000000000000000e+02 7.732924178426374340e+01
3.343999999999999773e+02 7.773011251927037790e+01
3.348000000000000114e+02 7.813257839400155547e+01
3.351999999999999886e+02 7.853664383865451271e+01
3.356000000000000227e+02 7.894231329041890888e+01
3.360000000000000000e+02 7.934959119347908540e+01
3.363999999999999773e+02 7.975848199901707858e+01
3.368000000000000114e+02 8.016899016521507804e+01
3.371999999999999886e+02 8.058112015725816946e+01
3.376000000000000227e+02 8.099487644733700620e+01
3.380000000000000000e+02 8.141026351465032462e+01
3.383999999999999773e+02 8.182728584540785732e+01
3.388000000000000114e+02 8.224594793283284844e+01
3.391999999999999886e+02 8.266625427716456898e+01
3.396000000000000227e+02 8.308820938566137215e+01
3.400000000000000000e+02 8.351181777260279659e+01
3.403999999999999773e+02 8.393708395929272115e+01
3.408000000000000114e+02 8.436401247406178072e+01
3.411999999999999886e+02 8.479260785226988162e+01
3.416000000000000227e+02 8.522287463630920001e+01
3.420000000000000000e+02 8.565481737560639885e+01
3.423999999999999773e+02 8.608844062662559793e+01
3.428000000000000114e+02 8.652374895287097445e+01
3.431999999999999886e+02 8.696074692488909363e+01
3.436000000000000227e+02 8.739943912027196404e+01
3.440000000000000000e+02 8.783983012365929710e+01
3.443999999999999773e+02 8.828192452674140611e+01
3.448000000000000114e+02 8.872572692826182106e+01
3.451999999999999886e+02 8.917124193401951970e+01
3.456000000000000227e+02 8.961847415687218188e+01
3.460000000000000000e+02 9.006742821673817900e+01
3.463999999999999773e+02 9.051810874059962941e+01
3.468000000000000114e+02 9.097052036250509843e+01
3.471999999999999886e+02 9.142466772357150262e+01
3.476000000000000227e+02 9.188055547198759143e+01
3.480000000000000000e+02 9.233818826301589411e+01
3.483999999999999773e+02 9.279757075899581764e+01
3.488000000000000114e+02 9.325870762934599156e+01
3.491999999999999886e+02 9.372160355056671222e+01
3.496000000000000227e+02 9.418626320624306913e+01
3.500000000000000000e+02 9.465269128704684931e+01
3.503999999999999773e+02 9.512089249073980568e+01
3.508000000000000114e+02 9.559087152217588823e+01
3.511999999999999886e+02 9.606263309330371669e+01
3.516000000000000227e+02 9.653618192316962165e+01
3.520000000000000000e+02 9.701152273791969094e+01
3.523999999999999773e+02 9.748866027080279650e+01
3.528000000000000114e+02 9.796759926217308134e+01
3.531999999999999886e+02 9.844834445949217638e+01
3.536000000000000227e+02 9.893090061733246898e+01
3.540000000000000000e+02 9.941527249737890770e+01
3.543999999999999773e+02 9.990146486843219975e+01
3.548000000000000114e+02 1.003894825064111842e+02
3.551999999999999886e+02 1.008793301943551199e+02
3.556000000000000227e+02 1.013710127224267268e+02
3.560000000000000000e+02 1.018645348879144450e+02
3.563999999999999773e+02 1.023599014952350927e+02
3.568000000000000114e+02 1.028571173559365519e+02
3.571999999999999886e+02 1.033561872886999140e+02
3.576000000000000227e+02 1.038571161193426633e+02
3.580000000000000000e+02 1.043599086808206096e+02
3.583999999999999773e+02 1.048645698132309434e+02
3.588000000000000114e+02 1.053711043638146236e+02
3.591999999999999886e+02 1.058795171869586227e+02
3.596000000000000227e+02 1.063898131441991239e+02
3.600000000000000000e+02 1.069019971042233266e+02
3.603999999999999773e+02 1.074160739428726288e+02
3.608000000000000114e+02 1.079320485431449157e+02
3.611999999999999886e+02 1.084499257951968190e+02
3.616000000000000227e+02 1.089697105963468999e+02
3.620000000000000000e+02 1.094914078510774971e+02
3.623999999999999773e+02 1.100150224710378097e+02
3.628000000000000114e+02 1.105405593750462572e+02
3.631999999999999886e+02 1.110680234890926670e+02
3.636000000000000227e+02 1.115974197463415294e+02
3.640000000000000000e+02 1.121287530871336742e+02
3.643999999999999773e+02 1.126620284589895533e+02
3.648000000000000114e+02 1.131972508166114579e+02
3.651999999999999886e+02 1.137344251218857210e+02
3.656000000000000227e+02 1.142735563438858719e+02
3.660000000000000000e+02 1.148146494588747117e+02
3.663999999999999773e+02 1.153577094503069702e+02
3.668000000000000114e+02 1.159027413088319207e+02
3.671999999999999886e+02 1.164497500322954835e+02
3.676000000000000227e+02 1.169987406257434088e+02
3.680000000000000000e+02 1.175497181014230961e+02
3.683999999999999773e+02 1.181026874787866490e+02
3.688000000000000114e+02 1.186576537844932062e+02
3.691999999999999886e+02 1.192146220524110873e+02
3.696000000000000227e+02 1.197735973236210185e+02
3.700000000000000000e+02 1.203345846464178379e+02
3.703999999999999773e+02 1.208975890763136931e+02
3.708000000000000114e+02 1.214626156760401727e+02
3.711999999999999886e+02 1.220296695155506654e+02
3.716000000000000227e+02 1.225987556720233727e+02
3.720000000000000000e+02 1.231698792298631275e+02
3.723999999999999773e+02 1.237430452807044929e+02
3.728000000000000114e+02 1.243182589234140636e+02
3.731999999999999886e+02 1.248955252640925551e+02
3.736000000000000227e+02 1.254748494160779728e+02
3.740000000000000000e+02 1.260562364999474738e+02
3.743999999999999773e+02 1.266396916435202940e+02
3.748000000000000114e+02 1.272252199818600218e+02
3.751999999999999886e+02 1.278128266572770997e+02
3.756000000000000227e+02 1.284025168193313959e+02
3.760000000000000000e+02 1.289942956248342796e+02
3.763999999999999773e+02 1.295881682378518178e+02
3.768000000000000114e+02 1.301841398297067087e+02
3.771999999999999886e+02 1.307822155789806402e+02
3.776000000000000227e+02 1.313824006715173596e+02
3.780000000000000000e+02 1.319847003004244641e+02
3.783999999999999773e+02 1.325891196660763569e+02
3.788000000000000114e+02 1.331956639761166628e+02
3.791999999999999886e+02 1.338043384454601323e+02
3.796000000000000227e+02 1.344151482962960529e+02
3.800000000000000000e+02 1.350280987580896408e+02
3.803999999999999773e+02 1.356431950675854807e+02
3.808000000000000114e+02 1.362604424688093729e+02
3.811999999999999886e+02 1.368798462130708344e+02
3.816000000000000227e+02 1.375014115589658559e+02
3.820000000000000000e+02 1.381251437723789479e+02
3.823999999999999773e+02 1.387510481264859266e+02
3.828000000000000114e+02 1.393791299017563290e+02
3.831999999999999886e+02 1.400093943859554599e+02
3.836000000000000227e+02 1.406418468741474328e+02
3.840000000000000000e+02 1.412764926686970171e+02
3.843999999999999773e+02 1.419133370792724520e+02
3.848000000000000114e+02 1.425523854228481753e+02
3.851999999999999886e+02 1.431936430237062154e+02
3.856000000000000227e+02 1.438371152134398585e+02
3.860000000000000000e+02 1.444828073309550689e+02
3.863999999999999773e+02 1.451307247224735590e+02
3.868000000000000114e+02 1.457808727415351768e+02
3.871999999999999886e+02 1.464332567489997530e+02
3.876000000000000227e+02 1.470878821130503979e+02
3.880000000000000000e+02 1.477447542091949799e+02
3.883999999999999773e+02 1.484038784202694501e+02
3.888000000000000114e+02 1.490652601364397185e+02
3.891999999999999886e+02 1.497289047552040415e+02
3.896000000000000227e+02 1.503948176813958639e+02
3.900000000000000000e+02 1.510630043271855811e+02
3.903999999999999773e+02 1.517334701120836655e+02
3.908000000000000114e+02 1.524062204629427413e+02
3.911999999999999886e+02 1.530812608139596875e+02
3.916000000000000227e+02 1.537585966066787364e+02
3.920000000000000000e+02 1.544382332899930930e+02
3.923999999999999773e+02 1.551201763201480617e+02
3.928000000000000114e+02 1.558044311607430927e+02
3.931999999999999886e+02 1.564910032827339421e+02
3.936000000000000227e+02 1.571798981644356843e+02
3.940000000000000000e+02 1.578711212915245881e+02
3.943999999999999773e+02 1.585646781570407313e+02
3.948000000000000114e+02 1.592605742613905022e+02
3.951999999999999886e+02 1.599588151123484465e+02
3.956000000000000227e+02 1.606594062250605646e+02
3.960000000000000000e+02 1.613623531220457608e+02
3.963999999999999773e+02 1.620676613331988847e+02
3.968000000000000114e+02 1.627753363957930333e+02
3.971999999999999886e+02 1.634853838544813698e+02
3.976000000000000227e+02 1.641978092613004492e+02
3.980000000000000000e+02 1.649126181756715823e+02
3.983999999999999773e+02 1.656298161644040761e+02
3.988000000000000114e+02 1.663494088016972796e+02
3.991999999999999886e+02 1.670714016691425456e+02
3.996000000000000227e+02 1.677958003557264419e+02
4.000000000000000000e+02 1.685226104578323145e+02
4.003999999999999773e+02 1.692518375792431868e+02
4.008000000000000114e+02 1.699834873311441754e+02
4.011999999999999886e+02 1.707175653321240816e+02
4.016000000000000227e+02 1.714540772081789441e+02
4.020000000000000000e+02 1.721930285927132047e+02
4.023999999999999773e+02 1.729344251265430898e+02
4.028000000000000114e+02 1.736782724578984300e+02
4.031999999999999886e+02 1.744245762424247346e+02
4.036000000000000227e+02 1.751733421431867157e+02
4.040000000000000000e+02 1.759245758306689993e+02
4.043999999999999773e+02 1.766782829827799048e+02
4.048000000000000114e+02 1.774344692848530940e+02
4.051999999999999886e+02 1.781931404296498727e+02
4.056000000000000227e+02 1.789543021173621469e+02
4.060000000000000000e+02 1.797179600556137586e+02
4.063999999999999773e+02 1.804841199594639534e+02
4.068000000000000114e+02 1.812527875514091704e+02
4.071999999999999886e+02 1.820239685613850043e+02
4.076000000000000227e+02 1.827976687267695013e+02
4.080000000000000000e+02 1.835738937923844389e+02
4.083999999999999773e+02 1.843526495104985372e+02
4.088000000000000114e+02 1.851339416408295051e+02
4.091999999999999886e+02 1.859177759505458880e+02
4.096000000000000227e+02 1.867041582142704215e+02
4.100000000000000000e+02 1.874930942140811965e+02
4.103999999999999773e+02 1.882845897395149279e+02
4.108000000000000114e+02 1.890786505875690011e+02
4.111999999999999886e+02 1.898752825627032905e+02
4.116000000000000227e+02 1.906744914768434853e+02
4.120000000000000000e+02 1.914762831493823114e+02
4.123999999999999773e+02 1.922806634071827148e+02
4.128000000000000114e+02 1.930876380845798508e+02
4.131999999999999886e+02 1.938972130233833582e+02
4.136000000000000227e+02 1.947093940728798600e+02
4.140000000000000000e+02 1.955241870898348111e+02
4.143999999999999773e+02 1.963415979384954824e+02
4.148000000000000114e+02 1.971616324905930071e+02
4.151999999999999886e+02 1.979842966253442853e+02
4.156000000000000227e+02 1.988095962294551384e+02
4.160000000000000000e+02 1.996375371971215600e+02
4.163999999999999773e+02 2.004681254300330693e+02
4.168000000000000114e+02 2.013013668373745020e+02
4.171999999999999886e+02 2.021372673358279712e+02
4.176000000000000227e+02 2.029758328495761361e+02
4.180000000000000000e+02 2.038170693103033102e+02
4.183999999999999773e+02 2.046609826571989004e+02
4.188000000000000114e+02 2.055075788369590555e+02
4.191999999999999886e+02 2.063568638037887411e+02
4.196000000000000227e+02 2.072088435194050362e+02
4.200000000000000000e+02 2.080635239530380431e+02
4.203999999999999773e+02 2.089209110814345252e+02
4.208000000000000114e+02 2.097810108888594698e+02
4.211999999999999886e+02 2.106438293670981068e+02
4.216000000000000227e+02 2.115093725154592619e+02
4.220000000000000000e+02 2.123776463407760673e+02
4.223999999999999773e+02 2.132486568574101682e+02
4.228000000000000114e+02 2.141224100872525185e+02
4.231999999999999886e+02 2.149989120597259102e+02
4.236000000000000227e+02 2.158781688117880151e+02
4.240000000000000000e+02 2.167601863879324640e+02
4.243999999999999773e+02 2.176449708401924283e+02
4.248000000000000114e+02 2.185325282281421551e+02
4.251999999999999886e+02 2.194228646188988989e+02
4.256000000000000227e+02 2.203159860871262765e+02
4.260000000000000000e+02 2.212118987150353462e+02
4.263999999999999773e+02 2.221106085923878481e+02
4.268000000000000114e+02 2.230121218164981087e+02
4.271999999999999886e+02 2.239164444922348309e+02
4.276000000000000227e+02 2.248235827320243629e+02
4.280000000000000000e+02 2.257335426558518918e+02
4.283999999999999773e+02 2.266463303912645415e+02
4.288000000000000114e+02 2.275619520733734191e+02
4.292000000000000455e+02 2.284804138448554340e+02
4.296000000000000227e+02 2.294017218559559694e+02
4.300000000000000000e+02 2.303258822644913266e+02
4.303999999999999773e+02 2.312529012358504872e+02
4.308000000000000114e+02 2.321827849429978414e+02
4.312000000000000455e+02 2.331155395664747800e+02
4.316000000000000227e+02 2.340511712944028204e+02
4.320000000000000000e+02 2.349896863224851700e+02
4.323999999999999773e+02 2.359310908540093408e+02
4.328000000000000114e+02 2.368753910998493097e+02
4.332000000000000455e+02 2.378225932784675365e+02
4.336000000000000227e+02 2.387727036159173792e+02
4.340000000000000000e+02 2.397257283458455959e+02
4.343999999999999773e+02 2.406816737094943051e+02
4.348000000000000114e+02 2.416405459557033168e+02
4.352000000000000455e+02 2.426023513409121222e+02
4.356000000000000227e+02 2.435670961291623655e+02
4.360000000000000000e+02 2.445347865921002324e+02
4.363999999999999773e+02 2.455054290089784672e+02
4.368000000000000114e+02 2.464790296666587892e+02
4.372000000000000455e+02 2.474555948596136830e+02
4.376000000000000227e+02 2.484351308899288995e+02
4.380000000000000000e+02 2.494176440673060711e+02
4.383999999999999773e+02 2.504031407090644166e+02
4.388000000000000114e+02 2.513916271401433562e+02
4.392000000000000455e+02 2.523831096931041031e+02
4.396000000000000227e+02 2.533775947081324489e+02
4.400000000000000000e+02 2.543750885330410085e+02
4.403999999999999773e+02 2.553755975232712956e+02
4.408000000000000114e+02 2.563791280418959673e+02
4.412000000000000455e+02 2.573856864596205583e+02
4.416000000000000227e+02 2.583952791547866354e+02
4.420000000000000000e+02 2.594079125133734465e+02
4.423999999999999773e+02 2.604235929289999945e+02
4.428000000000000114e+02 2.614423268029278802e+02
4.432000000000000455e+02 2.624641205440626663e+02
4.436000000000000227e+02 2.634889805689564923e+02
4.440000000000000000e+02 2.645169133018108027e+02
4.443999999999999773e+02 2.655479251744777116e+02
4.448000000000000114e+02 2.665820226264629014e+02
4.452000000000000455e+02 2.676192121049269304e+02
4.456000000000000227e+02 2.686595000646884159e+02
4.460000000000000000e+02 2.697028929682257399e+02
4.463999999999999773e+02 2.707493972856794358e+02
4.468000000000000114e+02 2.717990194948542921e+02
4.472000000000000455e+02 2.728517660812213990e+02
4.476000000000000227e+02 2.739076435379202508e+02
4.480000000000000000e+02 2.749666583657617593e+02
4.483999999999999773e+02 2.760288170732296180e+02
4.488000000000000114e+02 2.770941261764829164e+02
4.492000000000000455e+02 2.781625921993577890e+02
4.496000000000000227e+02 2.792342216733700297e+02
4.500000000000000000e+02 2.803090211377177070e+02
4.503999999999999773e+02 2.813869971392824141e+02
4.508000000000000114e+02 2.824681562326322251e+02
4.512000000000000455e+02 2.835525049800236275e+02
4.516000000000000227e+02 2.846400499514031139e+02
4.520000000000000000e+02 2.857307977244104791e+02
4.523999999999999773e+02 2.868247548843802974e+02
4.528000000000000114e+02 2.879219280243443677e+02
4.532000000000000455e+02 2.890223237450333613e+02
4.536000000000000227e+02 2.901259486548794939e+02
4.540000000000000000e+02 2.912328093700189129e+02
4.543999999999999773e+02 2.923429125142934595e+02
4.548000000000000114e+02 2.934562647192531131e+02
4.552000000000000455e+02 2.945728726241575259e+02
4.556000000000000227e+02 2.956927428759788654e+02
4.560000000000000000e+02 2.968158821294040308e+02
4.563999999999999773e+02 2.979422970468364156e+02
4.568000000000000114e+02 2.990719942983984652e+02
4.572000000000000455e+02 3.002049805619332119e+02
4.576000000000000227e+02 3.013412625230069466e+02
4.580000000000000000e+02 3.024808468749114923e+02
4.583999999999999773e+02 3.036237403186660231e+02
4.588000000000000114e+02 3.047699495630196793e+02
4.592000000000000455e+02 3.059194813244528746e+02
4.596000000000000227e+02 3.070723423271800812e+02
4.600000000000000000e+02 3.082285393031520471e+02
4.603999999999999773e+02 3.093880789920581265e+02
4.608000000000000114e+02 3.105509681413278145e+02
4.612000000000000455e+02 3.117172135061329641e+02
4.616000000000000227e+02 3.128868218493902305e+02
4.620000000000000000e+02 3.140597999417633446e+02
4.623999999999999773e+02 3.152361545616651028e+02
4.628000000000000114e+02 3.164158924952595839e+02
4.632000000000000455e+02 3.175990205364637973e+02
4.636000000000000227e+02 3.187855454869502978e+02
4.640000000000000000e+02 3.199754741561495166e+02
4.643999999999999773e+02 3.211688133612516936e+02
4.648000000000000114e+02 3.223655699272088668e+02
4.652000000000000455e+02 3.235657506867369761e+02
4.656000000000000227e+02 3.247693624803180796e+02
4.660000000000000000e+02 3.259764121562029118e+02
4.663999999999999773e+02 3.271869065704124750e+02
4.668000000000000114e+02 3.284008525867405979e+02
4.672000000000000455e+02 3.296182570767554125e+02
4.676000000000000227e+02 3.308391269198020268e+02
4.680000000000000000e+02 3.320634690030047977e+02
4.683999999999999773e+02 3.332912902212690938e+02
4.688000000000000114e+02 3.345225974772836821e+02
4.692000000000000455e+02 3.357573976815222068e+02
4.696000000000000227e+02 3.369956977522463148e+02
4.700000000000000000e+02 3.382375046155071345e+02
4.703999999999999773e+02 3.394828252051476056e+02
4.708000000000000114e+02 3.407316664628048102e+02
4.712000000000000455e+02 3.419840353379111093e+02
4.716000000000000227e+02 3.432399387876974401e+02
4.720000000000000000e+02 3.444993837771951348e+02
4.723999999999999773e+02 3.457623772792376258e+02
4.728000000000000114e+02 3.470289262744631742e+02
4.732000000000000455e+02 3.482990377513162912e+02
4.736000000000000227e+02 3.495727187060499546e+02
4.740000000000000000e+02 3.508499761427287353e+02
4.743999999999999773e+02 3.521308170732295366e+02
4.748000000000000114e+02 3.534152485172448337e+02
4.752000000000000455e+02 3.547032775022836404e+02
4.756000000000000227e+02 3.559949110636744081e+02
4.760000000000000000e+02 3.572901562445673562e+02
4.763999999999999773e+02 3.585890200959357230e+02
4.768000000000000114e+02 3.598915096765788917e+02
4.772000000000000455e+02 3.611976320531233000e+02
4.776000000000000227e+02 3.625073943000253962e+02
4.780000000000000000e+02 3.638208034995736284e+02
4.783999999999999773e+02 3.651378667418904342e+02
4.788000000000000114e+02 3.664585911249343440e+02
4.792000000000000455e+02 3.677829837545023111e+02
4.796000000000000227e+02 3.691110517442306787e+02
4.800000000000000000e+02 3.704428022155992721e+02
4.803999999999999773e+02 3.717782422979317971e+02
4.808000000000000114e+02 3.731173791283988521e+02
4.812000000000000455e+02 3.744602198520193497e+02
4.816000000000000227e+02 3.758067716216629037e+02
4.820000000000000000e+02 3.771570415980523876e+02
4.823999999999999773e+02 3.785110369497653551e+02
4.828000000000000114e+02 3.798687648532367120e+02
4.832000000000000455e+02 3.812302324927598534e+02
4.836000000000000227e+02 3.825954470604895619e+02
4.840000000000000000e+02 3.839644157564442821e+02
4.843999999999999773e+02 3.853371457885074847e+02
4.848000000000000114e+02 3.867136443724303376e+02
4.852000000000000455e+02 3.880939187318331847e+02
4.856000000000000227e+02 3.894779760982077619e+02
4.860000000000000000e+02 3.908658237109202105e+02
4.863999999999999773e+02 3.922574688172119295e+02
4.868000000000000114e+02 3.936529186722025315e+02
4.872000000000000455e+02 3.950521805388909797e+02
4.876000000000000227e+02 3.964552616881583162e+02
4.880000000000000000e+02 3.978621693987699928e+02
4.883999999999999773e+02 3.992729109573773485e+02
4.888000000000000114e+02 4.006874936585198839e+02
4.892000000000000455e+02 4.021059248046277617e+02
4.896000000000000227e+02 4.035282117060224891e+02
4.900000000000000000e+02 4.049543616809208970e+02
4.903999999999999773e+02 4.063843820554359922e+02
4.908000000000000114e+02 4.078182801635794021e+02
4.912000000000000455e+02 4.092560633472628524e+02
4.916000000000000227e+02 4.106977389563010661e+02
4.920000000000000000e+02 4.121433143484134121e+02
4.923999999999999773e+02 4.135927968892262356e+02
4.928000000000000114e+02 4.150461939522746206e+02
4.932000000000000455e+02 4.165035129190041516e+02
4.936000000000000227e+02 4.179647611787734149e+02
4.940000000000000000e+02 4.194299461288564430e+02
4.943999999999999773e+02 4.208990751744440786e+02
4.948000000000000114e+02 4.223721557286462485e+02
4.952000000000000455e+02 4.238491952124938962e+02
4.956000000000000227e+02 4.253302010549409147e+02
4.960000000000000000e+02 4.268151806928671590e+02
4.963999999999999773e+02 4.283041415710792990e+02
4.968000000000000114e+02 4.297970911423135476e+02
4.972000000000000455e+02 4.312940368672373666e+02
4.976000000000000227e+02 4.327949862144510007e+02
4.980000000000000000e+02 4.342999466604916279e+02
4.983999999999999773e+02 4.358089256898329040e+02
4.988000000000000114e+02 4.373219307948884307e+02
4.992000000000000455e+02 4.388389694760129487e+02
4.996000000000000227e+02 4.403600492415050667e+02
5.000000000000000000e+02 4.418851776076092506e+02
5.003999999999999773e+02 4.434143620985174721e+02
5.008000000000000114e+02 4.449476102463719371e+02
5.012000000000000455e+02 4.464849295912658249e+02
5.016000000000000227e+02 4.480263276812464142e+02
5.020000000000000000e+02 4.495718120723170159e+02
5.023999999999999773e+02 4.511213903284387357e+02
5.028000000000000114e+02 4.526750700215329744e+02
5.032000000000000455e+02 4.542328587314822244e+02
5.036000000000000227e+02 4.557947640461333094e+02
5.040000000000000000e+02 4.573607935612993174e+02
5.043999999999999773e+02 4.589309548807610213e+02
5.048000000000000114e+02 4.605052556162697783e+02
5.052000000000000455e+02 4.620837033875482689e+02
5.056000000000000227e+02 4.636663058222933387e+02
5.060000000000000000e+02 4.652530705561784430e+02
5.063999999999999773e+02 4.668440052328549541e+02
5.068000000000000114e+02 4.684391175039546056e+02
5.072000000000000455e+02 4.700384150290903449e+02
5.076000000000000227e+02 4.716419054758604830e+02
5.080000000000000000e+02 4.732495965198489216e+02
5.083999999999999773e+02 4.748614958446279388e+02
5.088000000000000114e+02 4.764776111417601214e+02
5.092000000000000455e+02 4.780979501108001273e+02
5.096000000000000227e+02 4.797225204592964474e+02
5.100000000000000000e+02 4.813513299027946459e+02
5.103999999999999773e+02 4.829843861648382699e+02
5.108000000000000114e+02 4.846216969769711795e+02
5.112000000000000455e+02 4.862632700787392537e+02
5.116000000000000227e+02 4.879091132176926067e+02
5.120000000000000000e+02 4.895592341493880895e+02
5.123999999999999773e+02 4.912136406373907107e+02
5.127999999999999545e+02 4.928723404532756263e+02
5.132000000000000455e+02 4.945353413766309814e+02
5.136000000000000227e+02 4.962026511950575696e+02
5.140000000000000000e+02 4.978742777041741192e+02
5.143999999999999773e+02 4.995502287076170660e+02
5.147999999999999545e+02 5.012305120170432247e+02
5.152000000000000455e+02 5.029151354521322332e+02
5.156000000000000227e+02 5.046041068405864394e+02
5.160000000000000000e+02 5.062974340181360162e+02
5.163999999999999773e+02 5.079951248285389624e+02
5.167999999999999545e+02 5.096971871235834897e+02
5.172000000000000455e+02 5.114036287630903530e+02
5.176000000000000227e+02 5.131144576149139311e+02
5.180000000000000000e+02 5.148296815549454095e+02
5.183999999999999773e+02 5.165493084671139741e+02
5.187999999999999545e+02 5.182733462433892555e+02
5.192000000000000455e+02 5.200018027837835461e+02
5.196000000000000227e+02 5.217346859963515726e+02
5.200000000000000000e+02 5.234720037971959528e+02
5.203999999999999773e+02 5.252137641104669683e+02
5.207999999999999545e+02 5.269599748683649523e+02
5.212000000000000455e+02 5.287106440111430175e+02
5.216000000000000227e+02 5.304657794871068290e+02
5.220000000000000000e+02 5.322253892526193795e+02
5.223999999999999773e+02 5.339894812721016706e+02
5.227999999999999545e+02 5.357580635180344188e+02
5.232000000000000455e+02 5.375311439709610113e+02
5.236000000000000227e+02 5.393087306194872781e+02
5.240000000000000000e+02 5.410908314602864948e+02
5.243999999999999773e+02 5.428774544980993824e+02
5.247999999999999545e+02 5.446686077457366082e+02
5.252000000000000455e+02 5.464642992240812873e+02
5.256000000000000227e+02 5.482645369620885276e+02
5.260000000000000000e+02 5.500693289967914552e+02
5.263999999999999773e+02 5.518786833732996229e+02
5.267999999999999545e+02 5.536926081448031027e+02
5.272000000000000455e+02 5.555111113725735095e+02
5.276000000000000227e+02 5.573342011259653646e+02
5.280000000000000000e+02 5.591618854824197342e+02
5.283999999999999773e+02 5.609941725274652526e+02
5.287999999999999545e+02 5.628310703547195999e+02
5.292000000000000455e+02 5.646725870658931399e+02
5.296000000000000227e+02 5.665187307707875561e+02
5.300000000000000000e+02 5.683695095873018772e+02
5.303999999999999773e+02 5.702249316414320219e+02
5.307999999999999545e+02 5.720850050672731868e+02
5.312000000000000455e+02 5.739497380070225745e+02
5.316000000000000227e+02 5.758191386109788255e+02
5.320000000000000000e+02 5.776932150375474748e+02
5.323999999999999773e+02 5.795719754532408388e+02
5.327999999999999545e+02 5.814554280326802882e+02
5.332000000000000455e+02 5.833435809585989773e+02
5.336000000000000227e+02 5.852364424218410477e+02
5.340000000000000000e+02 5.871340206213676538e+02
5.343999999999999773e+02 5.890363237642560534e+02
5.347999999999999545e+02 5.909433600657026773e+02
5.352000000000000455e+02 5.928551377490251753e+02
5.356000000000000227e+02 5.947716650456619618e+02
5.360000000000000000e+02 5.966929501951786960e+02
5.363999999999999773e+02 5.986190014452664627e+02
5.367999999999999545e+02 6.005498270517449555e+02
5.372000000000000455e+02 6.024854352785652054e+02
5.376000000000000227e+02 6.044258343978086714e+02
5.380000000000000000e+02 6.063710326896934930e+02
5.383999999999999773e+02 6.083210384425730126e+02
5.387999999999999545e+02 6.102758599529392995e+02
5.392000000000000455e+02 6.122355055254249692e+02
5.396000000000000227e+02 6.141999834728029555e+02
5.400000000000000000e+02 6.161693021159925365e+02
5.403999999999999773e+02 6.181434697840577428e+02
5.407999999999999545e+02 6.201224948142112225e+02
5.412000000000000455e+02 6.221063855518156060e+02
5.416000000000000227e+02 6.240951503503838467e+02
5.420000000000000000e+02 6.260887975715842231e+02
5.423999999999999773e+02 6.280873355852403392e+02
5.427999999999999545e+02 6.300907727693331708e+02
5.432000000000000455e+02 6.320991175100039072e+02
5.436000000000000227e+02 6.341123782015533834e+02
5.440000000000000000e+02 6.361305632464477640e+02
5.443999999999999773e+02 6.381536810553176338e+02
5.447999999999999545e+02 6.401817400469610675e+02
5.452000000000000455e+02 6.422147486483452212e+02
5.456000000000000227e+02 6.442527152946079241e+02
5.460000000000000000e+02 6.462956484290604067e+02
5.463999999999999773e+02 6.483435565031887791e+02
5.467999999999999545e+02 6.503964479766559634e+02
5.472000000000000455e+02 6.524543313173041952e+02
5.476000000000000227e+02 6.545172150011543408e+02
5.480000000000000000e+02 6.565851075124118097e+02
5.483999999999999773e+02 6.586580173434660992e+02
5.487999999999999545e+02 6.607359529948926138e+02
5.492000000000000455e+02 6.628189229754561893e+02
5.496000000000000227e+02 6.649069358021096150e+02
5.500000000000000000e+02 6.670000000000000000e+02
5.503999999999999773e+02 6.690981241024675228e+02
5.507999999999999545e+02 6.712013166510486144e+02
5.512000000000000455e+02 6.733095861954778911e+02
5.516000000000000227e+02 6.754229412936881545e+02
5.520000000000000000e+02 6.775413905118153934e+02
5.523999999999999773e+02 6.796649424241987845e+02
5.527999999999999545e+02 6.817936056133830789e+02
5.532000000000000455e+02 6.839273886701207630e+02
5.536000000000000227e+02 6.860663001933716032e+02
5.540000000000000000e+02 6.882103487903087853e+02
5.543999999999999773e+02 6.903595430763176637e+02
5.547999999999999545e+02 6.925138916749988311e+02
5.552000000000000455e+02 6.946734032181699376e+02
5.556000000000000227e+02 6.968380863458659178e+02
5.560000000000000000e+02 6.990079497063442204e+02
5.564000000000000909e+02 7.011830019560848086e+02
5.567999999999999545e+02 7.033632517597889091e+02
5.572000000000000455e+02 7.055487077903896989e+02
5.576000000000000227e+02 7.077393787290433238e+02
5.580000000000000000e+02 7.099352732651386759e+02
5.584000000000000909e+02 7.121364000962971659e+02
5.587999999999999545e+02 7.143427679283706766e+02
5.592000000000000455e+02 7.165543854754516815e+02
5.596000000000000227e+02 7.187712614598671053e+02
5.600000000000000000e+02 7.209934046121843494e+02
5.604000000000000909e+02 7.232208236712127700e+02
5.607999999999999545e+02 7.254535273840025411e+02
5.612000000000000455e+02 7.276915245058536357e+02
5.616000000000000227e+02 7.299348238003087772e+02
5.620000000000000000e+02 7.321834340391615115e+02
5.624000000000000909e+02 7.344373640024573433e+02
5.627999999999999545e+02 7.366966224784908945e+02
5.632000000000000455e+02 7.389612182638165905e+02
5.636000000000000227e+02 7.412311601632405882e+02
5.640000000000000000e+02 7.435064569898302125e+02
5.644000000000000909e+02 7.457871175649128190e+02
5.647999999999999545e+02 7.480731507180752260e+02
5.652000000000000455e+02 7.503645652871731500e+02
5.656000000000000227e+02 7.526613701183233616e+02
5.660000000000000000e+02 7.549635740659131216e+02
5.664000000000000909e+02 7.572711859925991575e+02
5.667999999999999545e+02 7.595842147693070956e+02
5.672000000000000455e+02 7.619026692752407826e+02
5.676000000000000227e+02 7.642265583978744417e+02
5.680000000000000000e+02 7.665558910329619948e+02
5.684000000000000909e+02 7.688906760845366080e+02
5.687999999999999545e+02 7.712309224649092130e+02
5.692000000000000455e+02 7.735766390946787396e+02
5.696000000000000227e+02 7.759278349027232480e+02
5.700000000000000000e+02 7.782845188262106149e+02
5.704000000000000909e+02 7.806466998105962602e+02
5.707999999999999545e+02 7.830143868096238293e+02
5.712000000000000455e+02 7.853875887853332642e+02
5.716000000000000227e+02 7.877663147080536419e+02
5.720000000000000000e+02 7.901505735564127235e+02
5.724000000000000909e+02 7.925403743173357043e+02
5.727999999999999545e+02 7.949357259860445311e+02
5.732000000000000455e+02 7.973366375660671110e+02
5.736000000000000227e+02 7.997431180692299222e+02
5.740000000000000000e+02 8.021551765156673355e+02
5.744000000000000909e+02 8.045728219338202507e+02
5.747999999999999545e+02 8.069960633604356417e+02
5.752000000000000455e+02 8.094249098405759923e+02
5.756000000000000227e+02 8.118593704276113385e+02
5.760000000000000000e+02 8.142994541832288178e+02
5.764000000000000909e+02 8.167451701774315325e+02
5.767999999999999545e+02 8.191965274885379813e+02
5.772000000000000455e+02 8.216535352031912680e+02
5.776000000000000227e+02 8.241162024163513706e+02
5.780000000000000000e+02 8.265845382313043501e+02
5.784000000000000909e+02 8.290585517596610998e+02
5.787999999999999545e+02 8.315382521213598466e+02
5.792000000000000455e+02 8.340236484446677423e+02
5.796000000000000227e+02 8.365147498661827967e+02
5.800000000000000000e+02 8.390115655308358100e+02
5.804000000000000909e+02 8.415141045918931013e+02
5.807999999999999545e+02 8.440223762109540075e+02
5.812000000000000455e+02 8.465363895579614564e+02
5.816000000000000227e+02 8.490561538111936670e+02
5.820000000000000000e+02 8.515816781572734726e+02
5.824000000000000909e+02 8.541129717911674106e+02
5.827999999999999545e+02 8.566500439161845861e+02
5.832000000000000455e+02 8.591929037439871308e+02
5.836000000000000227e+02 8.617415604945809946e+02
5.840000000000000000e+02 8.642960233963260634e+02
5.844000000000000909e+02 8.668563016859355912e+02
5.847999999999999545e+02 8.694224046084741531e+02
5.852000000000000455e+02 8.719943414173685596e+02
5.856000000000000227e+02 8.745721213743986482e+02
5.860000000000000000e+02 8.771557537497075145e+02
5.864000000000000909e+02 8.797452478218002625e+02
5.867999999999999545e+02 8.823406128775429806e+02
5.872000000000000455e+02 8.849418582121729742e+02
5.876000000000000227e+02 8.875489931292894425e+02
5.880000000000000000e+02 8.901620269408645072e+02
5.884000000000000909e+02 8.927809689672409377e+02
5.887999999999999545e+02 8.954058285371321517e+02
5.892000000000000455e+02 8.980366149876310828e+02
5.896000000000000227e+02 9.006733376642025632e+02
5.900000000000000000e+02 9.033160059206928736e+02
5.904000000000000909e+02 9.059646291193283787e+02
5.907999999999999545e+02 9.086192166307143907e+02
5.912000000000000455e+02 9.112797778338465378e+02
5.916000000000000227e+02 9.139463221160996227e+02
5.920000000000000000e+02 9.166188588732397875e+02
5.924000000000000909e+02 9.192973975094226944e+02
5.927999999999999545e+02 9.219819474371915931e+02
5.932000000000000455e+02 9.246725180774888031e+02
5.936000000000000227e+02 9.273691188596458232e+02
5.940000000000000000e+02 9.300717592213935632e+02
5.944000000000000909e+02 9.327804486088622298e+02
5.947999999999999545e+02 9.354951964765782577e+02
5.952000000000000455e+02 9.382160122874763601e+02
5.956000000000000227e+02 9.409429055128896380e+02
5.960000000000000000e+02 9.436758856325594707e+02
5.964000000000000909e+02 9.464149621346346066e+02
5.967999999999999545e+02 9.491601445156727550e+02
5.972000000000000455e+02 9.519114422806430866e+02
5.976000000000000227e+02 9.546688649429274847e+02
5.980000000000000000e+02 9.574324220243223635e+02
5.984000000000000909e+02 9.602021230550419659e+02
5.987999999999999545e+02 9.629779775737154068e+02
5.992000000000000455e+02 9.657599951273977013e+02
5.996000000000000227e+02 9.685481852715598734e+02
6.000000000000000000e+02 9.713425575701003254e+02
6.004000000000000909e+02 9.741431215953430183e+02
6.007999999999999545e+02 9.769498869280354256e+02
6.012000000000000455e+02 9.797628631573605844e+02
6.016000000000000227e+02 9.825820598809266357e+02
6.020000000000000000e+02 9.854074867047771704e+02
6.024000000000000909e+02 9.882391532433911152e+02
6.027999999999999545e+02 9.910770691196797770e+02
6.032000000000000455e+02 9.939212439649985527e+02
6.036000000000000227e+02 9.967716874191372654e+02
6.040000000000000000e+02 9.996284091303303967e+02
6.044000000000000909e+02 1.002491418755256291e+03
6.047999999999999545e+02 1.005360725959034653e+03
6.052000000000000455e+02 1.008236340415238828e+03
6.056000000000000227e+02 1.011118271805884660e+03
6.060000000000000000e+02 1.014006529821442086e+03
6.064000000000000909e+02 1.016901124160833888e+03
6.067999999999999545e+02 1.019802064531432961e+03
6.072000000000000455e+02 1.022709360649074824e+03
6.076000000000000227e+02 1.025623022238046588e+03
6.080000000000000000e+02 1.028543059031098210e+03
6.084000000000000909e+02 1.031469480769441361e+03
6.087999999999999545e+02 1.034402297202746922e+03
6.092000000000000455e+02 1.037341518089157489e+03
6.096000000000000227e+02 1.040287153195275323e+03
6.100000000000000000e+02 1.043239212296175538e+03
6.104000000000000909e+02 1.046197705175402916e+03
6.107999999999999545e+02 1.049162641624971002e+03
6.112000000000000455e+02 1.052134031445373921e+03
6.116000000000000227e+02 1.055111884445573878e+03
6.120000000000000000e+02 1.058096210443015025e+03
6.124000000000000909e+02 1.061087019263620505e+03
6.127999999999999545e+02 1.064084320741790407e+03
6.132000000000000455e+02 1.067088124720414271e+03
6.136000000000000227e+02 1.070098441050859719e+03
6.140000000000000000e+02 1.073115279592984280e+03
6.144000000000000909e+02 1.076138650215132884e+03
6.147999999999999545e+02 1.079168562794137188e+03
6.152000000000000455e+02 1.082205027215326936e+03
6.156000000000000227e+02 1.085248053372518143e+03
6.160000000000000000e+02 1.088297651168026505e+03
6.164000000000000909e+02 1.091353830512662398e+03
6.167999999999999545e+02 1.094416601325736110e+03
6.172000000000000455e+02 1.097485973535057383e+03
6.176000000000000227e+02 1.100561957076938597e+03
6.180000000000000000e+02 1.103644561896196137e+03
6.184000000000000909e+02 1.106733797946152663e+03
6.187999999999999545e+02 1.109829675188634155e+03
6.192000000000000455e+02 1.112932203593983559e+03
6.196000000000000227e+02 1.116041393141047365e+03
6.200000000000000000e+02 1.119157253817188348e+03
6.204000000000000909e+02 1.122279795618284425e+03
6.207999999999999545e+02 1.125409028548725701e+03
6.212000000000000455e+02 1.128544962621426748e+03
6.216000000000000227e+02 1.131687607857815237e+03
6.220000000000000000e+02 1.134836974287844669e+03
6.224000000000000909e+02 1.137993071949991190e+03
6.227999999999999545e+02 1.141155910891252688e+03
6.232000000000000455e+02 1.144325501167159928e+03
6.236000000000000227e+02 1.147501852841765867e+03
6.240000000000000000e+02 1.150684975987657708e+03
6.244000000000000909e+02 1.153874880685954622e+03
6.247999999999999545e+02 1.157071577026305249e+03
6.252000000000000455e+02 1.160275075106901340e+03
6.256000000000000227e+02 1.163485385034464116e+03
6.260000000000000000e+02 1.166702516924259044e+03
6.264000000000000909e+02 1.169926480900091065e+03
6.267999999999999545e+02 1.173157287094304593e+03
6.272000000000000455e+02 1.176394945647794657e+03
6.276000000000000227e+02 1.179639466709995986e+03
6.280000000000000000e+02 1.182890860438894379e+03
6.284000000000000909e+02 1.186149137001025792e+03
6.287999999999999545e+02 1.189414306571472935e+03
6.292000000000000455e+02 1.192686379333878904e+03
6.296000000000000227e+02 1.195965365480434002e+03
6.300000000000000000e+02 1.199251275211889606e+03
6.304000000000000909e+02 1.202544118737554754e+03
6.307999999999999545e+02 1.205843906275295240e+03
6.312000000000000455e+02 1.209150648051544749e+03
6.316000000000000227e+02 1.212464354301293497e+03
6.320000000000000000e+02 1.215785035268101637e+03
6.324000000000000909e+02 1.219112701204095174e+03
6.327999999999999545e+02 1.222447362369965276e+03
6.332000000000000455e+02 1.225789029034981013e+03
6.336000000000000227e+02 1.229137711476975483e+03
6.340000000000000000e+02 1.232493419982360365e+03
6.344000000000000909e+02 1.235856164846121828e+03
6.347999999999999545e+02 1.239225956371823258e+03
6.352000000000000455e+02 1.242602804871606850e+03
6.356000000000000227e+02 1.245986720666196106e+03
6.360000000000000000e+02 1.249377714084896752e+03
6.364000000000000909e+02 1.252775795465599458e+03
6.367999999999999545e+02 1.256180975154777343e+03
6.372000000000000455e+02 1.259593263507498250e+03
6.376000000000000227e+02 1.263012670887411787e+03
6.380000000000000000e+02 1.266439207666763195e+03
6.384000000000000909e+02 1.269872884226390624e+03
6.387999999999999545e+02 1.273313710955722627e+03
6.392000000000000455e+02 1.276761698252791348e+03
6.396000000000000227e+02 1.280216856524219793e+03
6.400000000000000000e+02 1.283679196185234332e+03
6.404000000000000909e+02 1.287148727659663336e+03
6.407999999999999545e+02 1.290625461379934677e+03
6.412000000000000455e+02 1.294109407787087093e+03
6.416000000000000227e+02 1.297600577330759961e+03
6.420000000000000000e+02 1.301098980469204662e+03
6.424000000000000909e+02 1.304604627669282536e+03
6.427999999999999545e+02 1.308117529406463063e+03
6.432000000000000455e+02 1.311637696164835688e+03
6.436000000000000227e+02 1.315165138437098676e+03
6.440000000000000000e+02 1.318699866724570711e+03
6.444000000000000909e+02 1.322241891537189986e+03
6.447999999999999545e+02 1.325791223393509654e+03
6.452000000000000455e+02 1.329347872820713746e+03
6.456000000000000227e+02 1.332911850354601256e+03
6.460000000000000000e+02 1.336483166539602280e+03
6.464000000000000909e+02 1.340061831928773245e+03
6.467999999999999545e+02 1.343647857083795316e+03
6.472000000000000455e+02 1.347241252574988039e+03
6.476000000000000227e+02 1.350842028981295925e+03
6.480000000000000000e+02 1.354450196890301640e+03
6.484000000000000909e+02 1.358065766898223501e+03
6.487999999999999545e+02 1.361688749609913202e+03
6.492000000000000455e+02 1.365319155638869233e+03
6.496000000000000227e+02 1.368956995607223007e+03
6.500000000000000000e+02 1.372602280145752957e+03
6.504000000000000909e+02 1.376255019893882491e+03
6.507999999999999545e+02 1.379915225499675898e+03
6.512000000000000455e+02 1.383582907619853131e+03
6.516000000000000227e+02 1.387258076919775249e+03
6.520000000000000000e+02 1.390940744073460110e+03
6.524000000000000909e+02 1.394630919763577140e+03
6.527999999999999545e+02 1.398328614681446425e+03
6.532000000000000455e+02 1.402033839527051668e+03
6.536000000000000227e+02 1.405746605009027235e+03
6.540000000000000000e+02 1.409466921844671333e+03
6.544000000000000909e+02 1.413194800759941927e+03
6.547999999999999545e+02 1.416930252489460145e+03
6.552000000000000455e+02 1.420673287776511870e+03
6.556000000000000227e+02 1.424423917373050244e+03
6.560000000000000000e+02 1.428182152039694756e+03
6.564000000000000909e+02 1.431948002545736699e+03
6.567999999999999545e+02 1.435721479669134851e+03
6.572000000000000455e+02 1.439502594196528207e+03
6.576000000000000227e+02 1.443291356923222565e+03
6.580000000000000000e+02 1.447087778653205760e+03
6.584000000000000909e+02 1.450891870199142886e+03
6.587999999999999545e+02 1.454703642382374710e+03
6.592000000000000455e+02 1.458523106032931764e+03
6.596000000000000227e+02 1.462350271989520024e+03
6.600000000000000000e+02 1.466185151099534096e+03
6.604000000000000909e+02 1.470027754219056078e+03
6.607999999999999545e+02 1.473878092212851698e+03
6.612000000000000455e+02 1.477736175954384635e+03
6.616000000000000227e+02 1.481602016325802197e+03
6.620000000000000000e+02 1.485475624217949644e+03
6.624000000000000909e+02 1.489357010530367234e+03
6.627999999999999545e+02 1.493246186171288173e+03
6.632000000000000455e+02 1.497143162057650898e+03
6.636000000000000227e+02 1.501047949115086567e+03
6.640000000000000000e+02 1.504960558277932705e+03
6.644000000000000909e+02 1.508881000489230701e+03
6.647999999999999545e+02 1.512809286700721941e+03
6.652000000000000455e+02 1.516745427872862592e+03
6.656000000000000227e+02 1.520689434974809728e+03
6.660000000000000000e+02 1.524641318984434974e+03
6.664000000000000909e+02 1.528601090888321778e+03
6.667999999999999545e+02 1.532568761681762680e+03
6.672000000000000455e+02 1.536544342368774096e+03
6.676000000000000227e+02 1.540527843962079487e+03
6.680000000000000000e+02 1.544519277483126871e+03
6.684000000000000909e+02 1.548518653962084727e+03
6.687999999999999545e+02 1.552525984437837906e+03
6.692000000000000455e+02 1.556541279958003315e+03
6.696000000000000227e+02 1.560564551578915371e+03
6.700000000000000000e+02 1.564595810365638954e+03
6.704000000000000909e+02 1.568635067391969187e+03
6.707999999999999545e+02 1.572682333740425065e+03
6.712000000000000455e+02 1.576737620502266964e+03
6.716000000000000227e+02 1.580800938777479587e+03
6.720000000000000000e+02 1.584872299674788337e+03
6.724000000000000909e+02 1.588951714311654541e+03
6.727999999999999545e+02 1.593039193814277269e+03
6.732000000000000455e+02 1.597134749317596743e+03
6.736000000000000227e+02 1.601238391965294340e+03
6.740000000000000000e+02 1.605350132909795093e+03
6.744000000000000909e+02 1.609469983312270642e+03
6.747999999999999545e+02 1.613597954342635376e+03
6.752000000000000455e+02 1.617734057179559613e+03
6.756000000000000227e+02 1.621878303010455738e+03
6.760000000000000000e+02 1.626030703031493204e+03
6.764000000000000909e+02 1.630191268447594894e+03
6.767999999999999545e+02 1.634360010472433714e+03
6.772000000000000455e+02 1.638536940328447827e+03
6.776000000000000227e+02 1.642722069246826322e+03
6.780000000000000000e+02 1.646915408467522184e+03
6.784000000000000909e+02 1.651116969239250921e+03
6.787999999999999545e+02 1.655326762819486248e+03
6.792000000000000455e+02 1.659544800474475778e+03
6.796000000000000227e+02 1.663771093479225556e+03
6.800000000000000000e+02 1.668005653117514612e+03
6.804000000000000909e+02 1.672248490681892008e+03
6.807999999999999545e+02 1.676499617473673425e+03
6.812000000000000455e+02 1.680759044802957305e+03
6.816000000000000227e+02 1.685026783988608031e+03
6.820000000000000000e+02 1.689302846358272063e+03
6.824000000000000909e+02 1.693587243248372943e+03
6.827999999999999545e+02 1.697879986004110606e+03
6.832000000000000455e+02 1.702181085979474574e+03
6.836000000000000227e+02 1.706490554537229400e+03
6.840000000000000000e+02 1.710808403048929449e+03
6.844000000000000909e+02 1.715134642894915032e+03
6.847999999999999545e+02 1.719469285464310360e+03
6.852000000000000455e+02 1.723812342155038095e+03
6.856000000000000227e+02 1.728163824373803664e+03
6.860000000000000000e+02 1.732523743536110260e+03
6.864000000000000909e+02 1.736892111066256803e+03
6.867999999999999545e+02 1.741268938397332704e+03
6.872000000000000455e+02 1.745654236971234241e+03
6.876000000000000227e+02 1.750048018238649320e+03
6.880000000000000000e+02 1.754450293659071576e+03
6.884000000000000909e+02 1.758861074700797872e+03
6.887999999999999545e+02 1.763280372840924883e+03
6.892000000000000455e+02 1.767708199565364112e+03
6.896000000000000227e+02 1.772144566368825963e+03
6.900000000000000000e+02 1.776589484754835667e+03
6.904000000000000909e+02 1.781042966235730091e+03
6.907999999999999545e+02 1.785505022332652516e+03
6.912000000000000455e+02 1.789975664575571045e+03
6.916000000000000227e+02 1.794454904503260195e+03
6.920000000000000000e+02 1.798942753663317262e+03
6.924000000000000909e+02 1.803439223612158003e+03
6.927999999999999545e+02 1.807944325915017316e+03
6.932000000000000455e+02 1.812458072145958340e+03
6.936000000000000227e+02 1.816980473887860398e+03
6.940000000000000000e+02 1.821511542732434009e+03
6.944000000000000909e+02 1.826051290280217472e+03
6.947999999999999545e+02 1.830599728140572324e+03
6.952000000000000455e+02 1.835156867931700845e+03
6.956000000000000227e+02 1.839722721280627411e+03
6.960000000000000000e+02 1.844297299823216690e+03
6.964000000000000909e+02 1.848880615204168862e+03
6.967999999999999545e+02 1.853472679077015073e+03
6.972000000000000455e+02 1.858073503104136307e+03
6.976000000000000227e+02 1.862683098956742924e+03
6.980000000000000000e+02 1.867301478314894439e+03
6.984000000000000909e+02 1.871928652867492929e+03
6.987999999999999545e+02 1.876564634312281214e+03
6.992000000000000455e+02 1.881209434355857866e+03
6.996000000000000227e+02 1.885863064713661061e+03
7.000000000000000000e+02 1.890525537109984498e+03
