      290        0.0     16.6     
      310       11.9     20.2     
      330       16.4     23.8     
      350       20.6     27.6     
      375       29.5     32.5     
      412       48.5     40.2     
      440       67.5     46.2     
      475       59.0     53.9     
      488       55.1     56.8     
      510       26.1     61.8     
      532       19.9     66.8     
      555       14.7     72.1     
      650        2.8     94.2     
      676        2.3    100.3     
      715        1.0    109.4     
      720        0.0    109.4     
